138 117 127 119 132 62 126 81 96 80 119 103 90 119 96 106 102 234 176 155 77 97 83 109 123 111 159 137 83 149 195 145 90 126 96 94 151 214 94 174 90 136 119 105 145 114 154 94 247 127 100 87 0 0 0 0 0 0 0 0 0 0 0 0 0 0 0 0 0 0 0 0 6403
135 63 103 113 91 46 81 68 59 59 83 78 61 104 53 85 83 420 322 64 316 61 68 72 97 101 99 112 61 177 276 127 46 139 32 110 95 323 61 187 117 70 91 83 122 76 180 71 629 135 57 41 0 0 0 0 0 0 0 0 0 0 0 0 0 0 0 0 0 0 0 0 0 0 6403
75 26 23 61 67 21 24 23 20 27 16 36 8 79 21 20 49 868 289 26 608 31 54 14 25 71 7 56 29 154 631 90 35 132 20 70 23 581 79 29 21 90 56 47 47 26 187 12 1307 57 16 19 0 0 0 0 0 0 0 0 0 0 0 0 0 0 0 0 0 0 0 0 0 0 0 0 0 0 0 0 0 0 0 0 0 0 0 0 0 0 6403
0 16 0 2 0 15 0 0 1 3 0 0 0 16 0 0 15 1186 425 0 1223 4 9 0 0 9 0 14 1 134 914 32 15 39 0 11 0 647 16 1 0 20 14 8 6 0 123 0 1484 0 0 0 0 0 0 0 0 0 0 0 0 0 0 0 0 0 0 0 0 0 0 0 0 0 0 0 0 0 0 0 0 0 0 0 0 0 0 0 0 0 0 0 0 0 0 0 0 0 6403
0 0 0 0 0 1 0 0 0 0 0 0 0 0 0 0 0 1266 409 0 1460 0 0 0 0 0 0 0 0 84 989 0 0 0 0 0 0 645 0 0 0 0 0 0 0 0 50 0 1499 0 0 0 0 0 0 0 0 0 0 0 0 0 0 0 0 0 0 0 0 6403
0 0 0 0 0 0 0 0 0 0 0 0 0 0 0 0 0 1292 385 0 1568 0 0 0 0 0 0 0 0 32 1003 0 0 0 0 0 0 618 0 0 0 0 0 0 0 0 7 0 1498 0 0 0 0 0 0 0 0 0 0 0 0 0 0 0 0 0 0 0 0 0 0 0 0 0 0 0 0 0 0 0 0 0 0 0 0 0 0 0 0 0 6403
0 0 0 0 0 0 0 0 0 0 0 0 0 0 0 0 0 1283 383 0 1598 0 0 0 0 0 0 0 0 1 1008 0 0 0 0 0 0 632 0 0 0 0 0 0 0 0 0 0 1498 0 0 0 0 0 0 0 0 0 0 0 0 0 0 0 0 0 0 0 0 0 0 0 0 0 0 0 0 0 0 0 0 0 0 0 6403
0 0 0 0 0 0 0 0 0 0 0 0 0 0 0 0 0 1258 377 0 1605 0 0 0 0 0 0 0 0 0 1007 0 0 0 0 0 0 658 0 0 0 0 0 0 0 0 0 0 1498 0 0 0 0 0 0 0 0 0 0 0 0 0 0 0 6403
0 0 0 0 0 0 0 0 0 0 0 0 0 0 0 0 0 1218 370 0 1612 0 0 0 0 0 0 0 0 1007 0 0 0 0 0 0 0 698 0 0 0 0 0 0 0 0 0 0 1498 0 0 0 0 0 0 0 0 0 0 0 0 0 0 0 0 0 0 0 0 6403
0 0 0 0 0 0 0 0 0 0 0 0 0 0 0 0 0 1184 358 0 1624 0 0 0 0 0 0 0 0 1014 0 0 0 0 0 0 0 725 0 0 0 0 0 0 0 0 0 0 1498 0 0 0 0 0 0 0 0 0 0 0 0 0 0 0 0 0 6403
