105 107 74 113 101 63 86 113 50 152 119 105 144 91 208 188 85 100 105 125 131 79 117 83 121 85 81 123 117 124 113 106 109 213 100 73 105 71 88 101 68 121 105 293 86 98 80 60 62 115 107 79 244 89 107 80 82 74 79 0 0 0 0 0 0 0 0 0 0 0 0 0 0 0 0 0 0 6403
84 103 42 112 91 36 70 82 27 163 69 92 148 88 344 228 41 71 69 94 241 59 79 51 100 76 49 186 135 143 116 116 128 172 262 37 88 55 79 44 12 102 125 631 114 74 50 37 40 101 88 85 346 31 93 67 49 41 47 0 0 0 0 0 0 0 0 0 0 0 0 0 0 0 0 0 0 0 0 0 0 0 0 0 0 0 0 0 0 6403
22 99 7 130 72 5 21 48 3 140 25 183 109 17 486 217 13 22 28 56 570 19 31 34 36 78 251 37 191 171 84 91 166 243 312 9 124 30 31 4 8 85 103 1027 145 62 30 2 8 69 33 78 416 1 41 33 27 8 12 0 0 0 0 0 0 0 0 0 0 0 0 0 0 0 0 0 0 0 0 0 0 0 0 0 0 0 0 0 0 0 0 0 0 0 0 0 0 0 6403
1 37 0 52 139 0 1 28 0 103 2 378 53 3 516 153 0 0 10 18 804 0 2 2 6 28 346 233 6 283 14 61 222 246 320 0 123 4 1 0 0 65 45 1320 145 40 2 0 0 28 0 54 494 0 8 1 6 0 0 0 0 0 0 0 0 0 0 0 0 0 0 0 0 0 0 0 0 0 0 0 0 0 0 0 0 0 0 0 0 0 0 0 0 0 0 0 0 0 0 0 0 0 0 0 0 0 0 0 0 0 6403
0 0 0 48 147 0 0 3 0 53 0 596 12 0 450 125 0 0 0 0 921 0 0 0 0 8 360 201 0 452 1 36 276 243 343 52 0 0 0 0 0 37 4 1404 140 15 0 0 0 0 0 17 459 0 0 0 0 0 0 0 0 0 0 0 0 0 0 0 0 0 0 0 0 0 0 0 0 0 0 0 0 0 0 0 0 0 0 0 6403
0 0 0 45 122 0 0 0 30 0 0 862 0 0 442 124 0 0 0 0 972 0 0 0 0 0 379 113 0 545 0 0 305 178 352 1 0 0 0 0 0 1 0 1443 121 0 0 0 0 0 0 0 368 0 0 0 0 0 0 0 0 0 0 0 0 0 0 0 0 0 0 0 0 0 0 0 0 0 0 6403
0 0 0 34 59 0 0 0 5 0 0 1140 0 0 444 124 0 0 0 0 972 0 0 0 0 0 385 12 0 596 0 0 317 37 363 0 0 0 0 0 0 0 0 1481 90 0 0 0 0 0 0 0 344 0 0 0 0 0 0 0 0 0 0 0 0 0 0 0 0 0 0 0 0 0 0 0 0 0 0 0 0 0 0 0 0 0 0 0 0 0 0 0 0 0 0 0 6403
0 0 0 6 5 0 0 0 0 0 0 1218 0 0 494 122 0 0 0 0 0 972 0 0 0 0 393 0 615 0 0 0 322 1 365 0 0 0 0 0 0 0 0 1498 73 0 0 0 0 0 0 0 319 0 0 0 0 0 0 0 0 0 0 0 0 0 0 0 0 0 0 0 0 0 0 0 0 0 0 0 0 0 6403
0 0 0 0 0 0 0 0 0 0 0 1253 0 0 113 506 0 0 0 0 0 972 0 0 0 0 391 0 646 0 0 0 326 0 373 0 0 0 0 0 0 0 0 1498 39 0 0 0 0 0 0 0 286 0 0 0 0 0 0 0 0 0 0 0 0 0 0 0 0 0 0 0 0 0 0 0 0 0 0 0 0 0 0 0 0 0 0 0 0 0 0 0 0 0 0 0 0 0 0 0 0 0 0 6403
0 0 0 0 0 0 0 0 0 0 0 1290 0 0 104 509 0 0 0 0 0 972 0 0 0 0 385 0 683 0 0 0 331 0 382 0 0 0 0 0 0 0 0 1498 2 0 0 0 0 0 0 0 247 0 0 0 0 0 0 0 0 0 0 0 0 0 0 0 0 0 6403
