967
11
1
10
Pedi
temp_min
Dewpoin_min
RelativeHumidity_min
temp_max
Dewpoin_max
RelativeHumidity_max
SolarRadiation_max
Rainfall_max
WindSpeed_max
WindGust_max
0
481
160.7307 40 -10.67 -17.8 17.4 19.94 11.6 100 632 3.556 8.493 13
136.9986 391 -10.67 -17.8 17.4 19.94 11.6 100 632 3.556 8.493 13
113.4306 224 -10.67 -17.8 17.4 19.94 11.6 100 632 3.556 8.493 13
118.3258 384 -10.67 -17.8 17.4 19.94 11.6 100 632 3.556 8.493 13
112.0987 262 -10.67 -17.8 17.4 19.94 11.6 100 632 3.556 8.493 13
165.9415 12 -10.67 -17.8 17.4 19.94 11.6 100 632 3.556 8.493 13
228.4541 201 -10.67 -17.8 17.4 19.94 11.6 100 632 3.556 8.493 13
157.1632 102 -10.67 -17.8 17.4 19.94 11.6 100 632 3.556 8.493 13
135.1249 118 -10.67 -17.8 17.4 19.94 11.6 100 632 3.556 8.493 13
83.85339 433 -10.67 -17.8 17.4 19.94 11.6 100 632 3.556 8.493 13
134.4042 302 -10.67 -17.8 17.4 19.94 11.6 100 632 3.556 8.493 13
98.85874 113 -10.67 -17.8 17.4 19.94 11.6 100 632 3.556 8.493 13
149.8788 211 -10.67 -17.8 17.4 19.94 11.6 100 632 3.556 8.493 13
153.8092 303 -10.67 -17.8 17.4 19.94 11.6 100 632 3.556 8.493 13
129.0777 29 -10.67 -17.8 17.4 19.94 11.6 100 632 3.556 8.493 13
143.3603 336 -10.67 -17.8 17.4 19.94 11.6 100 632 3.556 8.493 13
139.9075 361 -10.67 -17.8 17.4 19.94 11.6 100 632 3.556 8.493 13
160.6455 339 -10.67 -17.8 17.4 19.94 11.6 100 632 3.556 8.493 13
93.31971 31 -10.67 -17.8 17.4 19.94 11.6 100 632 3.556 8.493 13
171.9718 178 -10.67 -17.8 17.4 19.94 11.6 100 632 3.556 8.493 13
130.5769 6 -10.67 -17.8 17.4 19.94 11.6 100 632 3.556 8.493 13
144.2177 115 -10.67 -17.8 17.4 19.94 11.6 100 632 3.556 8.493 13
157.2442 340 -10.67 -17.8 17.4 19.94 11.6 100 632 3.556 8.493 13
112.366 124 -10.67 -17.8 17.4 19.94 11.6 100 632 3.556 8.493 13
162.4108 114 -10.67 -17.8 17.4 19.94 11.6 100 632 3.556 8.493 13
132.7157 374 -10.67 -17.8 17.4 19.94 11.6 100 632 3.556 8.493 13
96.53161 462 -10.67 -17.8 17.4 19.94 11.6 100 632 3.556 8.493 13
92.23821 149 -10.67 -17.8 17.4 19.94 11.6 100 632 3.556 8.493 13
135.3984 465 -10.67 -17.8 17.4 19.94 11.6 100 632 3.556 8.493 13
126.2961 0 -10.67 -17.8 17.4 19.94 11.6 100 632 3.556 8.493 13
101.0228 282 -10.67 -17.8 17.4 19.94 11.6 100 632 3.556 8.493 13
174.3 146 -10.67 -17.8 17.4 19.94 11.6 100 632 3.556 8.493 13
96.6305 403 -10.67 -17.8 17.4 19.94 11.6 100 632 3.556 8.493 13
111.3855 9 -10.67 -17.8 17.4 19.94 11.6 100 632 3.556 8.493 13
148.4596 328 -10.67 -17.8 17.4 19.94 11.6 100 632 3.556 8.493 13
87.95112 23 -10.67 -17.8 17.4 19.94 11.6 100 632 3.556 8.493 13
80.13125 290 -10.67 -17.8 17.4 19.94 11.6 100 632 3.556 8.493 13
113.6526 52 -10.67 -17.8 17.4 19.94 11.6 100 632 3.556 8.493 13
187.9292 153 -10.67 -17.8 17.4 19.94 11.6 100 632 3.556 8.493 13
175.5256 170 -10.67 -17.8 17.4 19.94 11.6 100 632 3.556 8.493 13
135.3984 469 -10.67 -17.8 17.4 19.94 11.6 100 632 3.556 8.493 13
140.9574 158 -10.67 -17.8 17.4 19.94 11.6 100 632 3.556 8.493 13
156.2163 327 -10.67 -17.8 17.4 19.94 11.6 100 632 3.556 8.493 13
151.6462 152 -10.67 -17.8 17.4 19.94 11.6 100 632 3.556 8.493 13
86.12897 208 -10.67 -17.8 17.4 19.94 11.6 100 632 3.556 8.493 13
162.8421 155 -10.67 -17.8 17.4 19.94 11.6 100 632 3.556 8.493 13
144.3892 268 -10.67 -17.8 17.4 19.94 11.6 100 632 3.556 8.493 13
183.1477 431 -10.67 -17.8 17.4 19.94 11.6 100 632 3.556 8.493 13
158.939 310 -10.67 -17.8 17.4 19.94 11.6 100 632 3.556 8.493 13
143.2951 72 -10.67 -17.8 17.4 19.94 11.6 100 632 3.556 8.493 13
147.9094 389 -10.67 -17.8 17.4 19.94 11.6 100 632 3.556 8.493 13
101.7961 50 -10.67 -17.8 17.4 19.94 11.6 100 632 3.556 8.493 13
137.8602 479 -10.67 -17.8 17.4 19.94 11.6 100 632 3.556 8.493 13
148.4175 42 -10.67 -17.8 17.4 19.94 11.6 100 632 3.556 8.493 13
51.62184 91 -10.67 -17.8 17.4 19.94 11.6 100 632 3.556 8.493 13
156.6077 11 -10.67 -17.8 17.4 19.94 11.6 100 632 3.556 8.493 13
113.3181 223 -10.67 -17.8 17.4 19.94 11.6 100 632 3.556 8.493 13
117.5347 199 -10.67 -17.8 17.4 19.94 11.6 100 632 3.556 8.493 13
114.5974 85 -10.67 -17.8 17.4 19.94 11.6 100 632 3.556 8.493 13
114.0124 283 -10.67 -17.8 17.4 19.94 11.6 100 632 3.556 8.493 13
173.2637 150 -10.67 -17.8 17.4 19.94 11.6 100 632 3.556 8.493 13
108.4387 337 -10.67 -17.8 17.4 19.94 11.6 100 632 3.556 8.493 13
137.5004 473 -10.67 -17.8 17.4 19.94 11.6 100 632 3.556 8.493 13
43.61155 281 -10.67 -17.8 17.4 19.94 11.6 100 632 3.556 8.493 13
132.7725 326 -10.67 -17.8 17.4 19.94 11.6 100 632 3.556 8.493 13
142.1694 475 -10.67 -17.8 17.4 19.94 11.6 100 632 3.556 8.493 13
123.2694 239 -10.67 -17.8 17.4 19.94 11.6 100 632 3.556 8.493 13
116.8351 285 -10.67 -17.8 17.4 19.94 11.6 100 632 3.556 8.493 13
155.9396 129 -10.67 -17.8 17.4 19.94 11.6 100 632 3.556 8.493 13
144.6964 85 -10.67 -17.8 17.4 19.94 11.6 100 632 3.556 8.493 13
187.7946 393 -10.67 -17.8 17.4 19.94 11.6 100 632 3.556 8.493 13
145.0752 121 -10.67 -17.8 17.4 19.94 11.6 100 632 3.556 8.493 13
135.531 173 -10.67 -17.8 17.4 19.94 11.6 100 632 3.556 8.493 13
127.1041 55 -10.67 -17.8 17.4 19.94 11.6 100 632 3.556 8.493 13
128.4486 30 -10.67 -17.8 17.4 19.94 11.6 100 632 3.556 8.493 13
123.0979 135 -10.67 -17.8 17.4 19.94 11.6 100 632 3.556 8.493 13
145.4476 149 -10.67 -17.8 17.4 19.94 11.6 100 632 3.556 8.493 13
170.3053 142 -10.67 -17.8 17.4 19.94 11.6 100 632 3.556 8.493 13
109.6759 214 -10.67 -17.8 17.4 19.94 11.6 100 632 3.556 8.493 13
134.2359 296 -10.67 -17.8 17.4 19.94 11.6 100 632 3.556 8.493 13
98.31483 349 -10.67 -17.8 17.4 19.94 11.6 100 632 3.556 8.493 13
144.3892 467 -10.67 -17.8 17.4 19.94 11.6 100 632 3.556 8.493 13
168.7304 131 -10.67 -17.8 17.4 19.94 11.6 100 632 3.556 8.493 13
138.9091 108 -10.67 -17.8 17.4 19.94 11.6 100 632 3.556 8.493 13
130.4791 10 -10.67 -17.8 17.4 19.94 11.6 100 632 3.556 8.493 13
164.6369 175 -10.67 -17.8 17.4 19.94 11.6 100 632 3.556 8.493 13
141.3067 320 -10.67 -17.8 17.4 19.94 11.6 100 632 3.556 8.493 13
65.88443 280 -10.67 -17.8 17.4 19.94 11.6 100 632 3.556 8.493 13
175.9359 166 -10.67 -17.8 17.4 19.94 11.6 100 632 3.556 8.493 13
154.9286 17 -10.67 -17.8 17.4 19.94 11.6 100 632 3.556 8.493 13
110.6248 119 -10.67 -17.8 17.4 19.94 11.6 100 632 3.556 8.493 13
60.68627 134 -10.67 -17.8 17.4 19.94 11.6 100 632 3.556 8.493 13
143.5497 399 -10.67 -17.8 17.4 19.94 11.6 100 632 3.556 8.493 13
115.216 178 -10.67 -17.8 17.4 19.94 11.6 100 632 3.556 8.493 13
164.9588 114 -10.67 -17.8 17.4 19.94 11.6 100 632 3.556 8.493 13
115.9955 169 -10.67 -17.8 17.4 19.94 11.6 100 632 3.556 8.493 13
117.1496 166 -10.67 -17.8 17.4 19.94 11.6 100 632 3.556 8.493 13
153.6115 125 -10.67 -17.8 17.4 19.94 11.6 100 632 3.556 8.493 13
124.4571 443 -10.67 -17.8 17.4 19.94 11.6 100 632 3.556 8.493 13
159.1273 328 -10.67 -17.8 17.4 19.94 11.6 100 632 3.556 8.493 13
128.0509 259 -10.67 -17.8 17.4 19.94 11.6 100 632 3.556 8.493 13
168.5895 317 -10.67 -17.8 17.4 19.94 11.6 100 632 3.556 8.493 13
151.3874 297 -10.67 -17.8 17.4 19.94 11.6 100 632 3.556 8.493 13
171.8824 370 -10.67 -17.8 17.4 19.94 11.6 100 632 3.556 8.493 13
139.4046 157 -10.67 -17.8 17.4 19.94 11.6 100 632 3.556 8.493 13
126.5171 360 -10.67 -17.8 17.4 19.94 11.6 100 632 3.556 8.493 13
102.9133 369 -10.67 -17.8 17.4 19.94 11.6 100 632 3.556 8.493 13
166.8241 141 -10.67 -17.8 17.4 19.94 11.6 100 632 3.556 8.493 13
141.9969 35 -10.67 -17.8 17.4 19.94 11.6 100 632 3.556 8.493 13
49.85229 277 -10.67 -17.8 17.4 19.94 11.6 100 632 3.556 8.493 13
69.89694 105 -10.67 -17.8 17.4 19.94 11.6 100 632 3.556 8.493 13
174.7681 316 -10.67 -17.8 17.4 19.94 11.6 100 632 3.556 8.493 13
122.1058 334 -10.67 -17.8 17.4 19.94 11.6 100 632 3.556 8.493 13
79.34537 67 -10.67 -17.8 17.4 19.94 11.6 100 632 3.556 8.493 13
156.1785 417 -10.67 -17.8 17.4 19.94 11.6 100 632 3.556 8.493 13
141.0932 295 -10.67 -17.8 17.4 19.94 11.6 100 632 3.556 8.493 13
100.6241 324 -10.67 -17.8 17.4 19.94 11.6 100 632 3.556 8.493 13
145.9989 112 -10.67 -17.8 17.4 19.94 11.6 100 632 3.556 8.493 13
92.01623 121 -10.67 -17.8 17.4 19.94 11.6 100 632 3.556 8.493 13
134.6452 329 -10.67 -17.8 17.4 19.94 11.6 100 632 3.556 8.493 13
134.3106 400 -10.67 -17.8 17.4 19.94 11.6 100 632 3.556 8.493 13
77.06664 426 -10.67 -17.8 17.4 19.94 11.6 100 632 3.556 8.493 13
176.5987 333 -10.67 -17.8 17.4 19.94 11.6 100 632 3.556 8.493 13
74.49754 3 -10.67 -17.8 17.4 19.94 11.6 100 632 3.556 8.493 13
37.81898 404 -10.67 -17.8 17.4 19.94 11.6 100 632 3.556 8.493 13
36.23249 24 -10.67 -17.8 17.4 19.94 11.6 100 632 3.556 8.493 13
69.01427 399 -10.67 -17.8 17.4 19.94 11.6 100 632 3.556 8.493 13
79.15601 366 -10.67 -17.8 17.4 19.94 11.6 100 632 3.556 8.493 13
110.2335 425 -10.67 -17.8 17.4 19.94 11.6 100 632 3.556 8.493 13
42.31753 58 -10.67 -17.8 17.4 19.94 11.6 100 632 3.556 8.493 13
51.89116 238 -10.67 -17.8 17.4 19.94 11.6 100 632 3.556 8.493 13
172.9291 36 -10.67 -17.8 17.4 19.94 11.6 100 632 3.556 8.493 13
140.6787 130 -10.67 -17.8 17.4 19.94 11.6 100 632 3.556 8.493 13
186.853 398 -10.67 -17.8 17.4 19.94 11.6 100 632 3.556 8.493 13
154.4994 129 -10.67 -17.8 17.4 19.94 11.6 100 632 3.556 8.493 13
122.3983 458 -10.67 -17.8 17.4 19.94 11.6 100 632 3.556 8.493 13
156.9864 135 -10.67 -17.8 17.4 19.94 11.6 100 632 3.556 8.493 13
184.4775 341 -10.67 -17.8 17.4 19.94 11.6 100 632 3.556 8.493 13
175.0227 272 -10.67 -17.8 17.4 19.94 11.6 100 632 3.556 8.493 13
190.0786 41 -10.67 -17.8 17.4 19.94 11.6 100 632 3.556 8.493 13
107.3004 266 -10.67 -17.8 17.4 19.94 11.6 100 632 3.556 8.493 13
167.2218 356 -10.67 -17.8 17.4 19.94 11.6 100 632 3.556 8.493 13
191.7355 276 -10.67 -17.8 17.4 19.94 11.6 100 632 3.556 8.493 13
147.013 20 -10.67 -17.8 17.4 19.94 11.6 100 632 3.556 8.493 13
163.6827 204 -10.67 -17.8 17.4 19.94 11.6 100 632 3.556 8.493 13
167.3259 240 -10.67 -17.8 17.4 19.94 11.6 100 632 3.556 8.493 13
46.28165 2 -10.67 -17.8 17.4 19.94 11.6 100 632 3.556 8.493 13
169.7457 202 -10.67 -17.8 17.4 19.94 11.6 100 632 3.556 8.493 13
27.75405 420 -10.67 -17.8 17.4 19.94 11.6 100 632 3.556 8.493 13
108.0757 222 -10.67 -17.8 17.4 19.94 11.6 100 632 3.556 8.493 13
136.9681 363 -10.67 -17.8 17.4 19.94 11.6 100 632 3.556 8.493 13
133.9866 390 -10.67 -17.8 17.4 19.94 11.6 100 632 3.556 8.493 13
148.4596 393 -10.67 -17.8 17.4 19.94 11.6 100 632 3.556 8.493 13
166.9514 171 -10.67 -17.8 17.4 19.94 11.6 100 632 3.556 8.493 13
129.4144 15 -10.67 -17.8 17.4 19.94 11.6 100 632 3.556 8.493 13
180.7522 165 -10.67 -17.8 17.4 19.94 11.6 100 632 3.556 8.493 13
80.32273 413 -10.67 -17.8 17.4 19.94 11.6 100 632 3.556 8.493 13
137.1659 405 -10.67 -17.8 17.4 19.94 11.6 100 632 3.556 8.493 13
182.5007 309 -10.67 -17.8 17.4 19.94 11.6 100 632 3.556 8.493 13
148.4438 120 -10.67 -17.8 17.4 19.94 11.6 100 632 3.556 8.493 13
173.7666 358 -10.67 -17.8 17.4 19.94 11.6 100 632 3.556 8.493 13
159.3157 125 -10.67 -17.8 17.4 19.94 11.6 100 632 3.556 8.493 13
175.4414 352 -10.67 -17.8 17.4 19.94 11.6 100 632 3.556 8.493 13
118.794 8 -10.67 -17.8 17.4 19.94 11.6 100 632 3.556 8.493 13
125.8511 367 -10.67 -17.8 17.4 19.94 11.6 100 632 3.556 8.493 13
123.9227 323 -10.67 -17.8 17.4 19.94 11.6 100 632 3.556 8.493 13
109.6254 289 -10.67 -17.8 17.4 19.94 11.6 100 632 3.556 8.493 13
87.59868 365 -10.67 -17.8 17.4 19.94 11.6 100 632 3.556 8.493 13
128.1393 480 -10.67 -17.8 17.4 19.94 11.6 100 632 3.556 8.493 13
91.44391 163 -10.67 -17.8 17.4 19.94 11.6 100 632 3.556 8.493 13
97.97607 126 -10.67 -17.8 17.4 19.94 11.6 100 632 3.556 8.493 13
50.46353 254 -10.67 -17.8 17.4 19.94 11.6 100 632 3.556 8.493 13
59.2092 120 -10.67 -17.8 17.4 19.94 11.6 100 632 3.556 8.493 13
57.16823 87 -10.67 -17.8 17.4 19.94 11.6 100 632 3.556 8.493 13
51.33252 419 -10.67 -17.8 17.4 19.94 11.6 100 632 3.556 8.493 13
76.65634 471 -10.67 -17.8 17.4 19.94 11.6 100 632 3.556 8.493 13
79.17389 445 -10.67 -17.8 17.4 19.94 11.6 100 632 3.556 8.493 13
143.8695 249 -10.67 -17.8 17.4 19.94 11.6 100 632 3.556 8.493 13
131.853 278 -10.67 -17.8 17.4 19.94 11.6 100 632 3.556 8.493 13
131.2039 200 -10.67 -17.8 17.4 19.94 11.6 100 632 3.556 8.493 13
136.5788 99 -10.67 -17.8 17.4 19.94 11.6 100 632 3.556 8.493 13
120.9359 294 -10.67 -17.8 17.4 19.94 11.6 100 632 3.556 8.493 13
109.2151 122 -10.67 -17.8 17.4 19.94 11.6 100 632 3.556 8.493 13
53.71436 439 -10.67 -17.8 17.4 19.94 11.6 100 632 3.556 8.493 13
98.3264 157 -10.67 -17.8 17.4 19.94 11.6 100 632 3.556 8.493 13
106.5513 342 -10.67 -17.8 17.4 19.94 11.6 100 632 3.556 8.493 13
59.16291 284 -10.67 -17.8 17.4 19.94 11.6 100 632 3.556 8.493 13
116.8677 437 -10.67 -17.8 17.4 19.94 11.6 100 632 3.556 8.493 13
151.0213 19 -10.67 -17.8 17.4 19.94 11.6 100 632 3.556 8.493 13
138.7439 307 -10.67 -17.8 17.4 19.94 11.6 100 632 3.556 8.493 13
131.2039 312 -10.67 -17.8 17.4 19.94 11.6 100 632 3.556 8.493 13
151.3054 126 -10.67 -17.8 17.4 19.94 11.6 100 632 3.556 8.493 13
148.6353 76 -10.67 -17.8 17.4 19.94 11.6 100 632 3.556 8.493 13
153.1822 172 -10.67 -17.8 17.4 19.94 11.6 100 632 3.556 8.493 13
104.6513 4 -10.67 -17.8 17.4 19.94 11.6 100 632 3.556 8.493 13
51.80489 163 -10.67 -17.8 17.4 19.94 11.6 100 632 3.556 8.493 13
124.9358 168 -10.67 -17.8 17.4 19.94 11.6 100 632 3.556 8.493 13
140.1263 103 -10.67 -17.8 17.4 19.94 11.6 100 632 3.556 8.493 13
136.0549 234 -10.67 -17.8 17.4 19.94 11.6 100 632 3.556 8.493 13
147.5811 291 -10.67 -17.8 17.4 19.94 11.6 100 632 3.556 8.493 13
136.9765 457 -10.67 -17.8 17.4 19.94 11.6 100 632 3.556 8.493 13
166.5075 375 -10.67 -17.8 17.4 19.94 11.6 100 632 3.556 8.493 13
162.9915 80 -10.67 -17.8 17.4 19.94 11.6 100 632 3.556 8.493 13
102.4746 95 -10.67 -17.8 17.4 19.94 11.6 100 632 3.556 8.493 13
97.32485 13 -10.67 -17.8 17.4 19.94 11.6 100 632 3.556 8.493 13
103.0259 130 -10.67 -17.8 17.4 19.94 11.6 100 632 3.556 8.493 13
58.53378 57 -10.67 -17.8 17.4 19.94 11.6 100 632 3.556 8.493 13
120.9359 355 -10.67 -17.8 17.4 19.94 11.6 100 632 3.556 8.493 13
91.20299 395 -10.67 -17.8 17.4 19.94 11.6 100 632 3.556 8.493 13
108.4923 147 -10.67 -17.8 17.4 19.94 11.6 100 632 3.556 8.493 13
79.4611 13 -10.67 -17.8 17.4 19.94 11.6 100 632 3.556 8.493 13
168.7462 397 -10.67 -17.8 17.4 19.94 11.6 100 632 3.556 8.493 13
153.8545 226 -10.67 -17.8 17.4 19.94 11.6 100 632 3.556 8.493 13
75.23923 402 -10.67 -17.8 17.4 19.94 11.6 100 632 3.556 8.493 13
161.5902 408 -10.67 -17.8 17.4 19.94 11.6 100 632 3.556 8.493 13
72.30087 323 -10.67 -17.8 17.4 19.94 11.6 100 632 3.556 8.493 13
125.1936 92 -10.67 -17.8 17.4 19.94 11.6 100 632 3.556 8.493 13
137.8749 71 -10.67 -17.8 17.4 19.94 11.6 100 632 3.556 8.493 13
93.89729 56 -10.67 -17.8 17.4 19.94 11.6 100 632 3.556 8.493 13
111.4812 436 -10.67 -17.8 17.4 19.94 11.6 100 632 3.556 8.493 13
99.06494 348 -10.67 -17.8 17.4 19.94 11.6 100 632 3.556 8.493 13
51.39459 412 -10.67 -17.8 17.4 19.94 11.6 100 632 3.556 8.493 13
134.9955 244 -10.67 -17.8 17.4 19.94 11.6 100 632 3.556 8.493 13
141.0584 311 -10.67 -17.8 17.4 19.94 11.6 100 632 3.556 8.493 13
175.8097 318 -10.67 -17.8 17.4 19.94 11.6 100 632 3.556 8.493 13
124.2509 302 -10.67 -17.8 17.4 19.94 11.6 100 632 3.556 8.493 13
53.68174 451 -10.67 -17.8 17.4 19.94 11.6 100 632 3.556 8.493 13
171.6435 167 -10.67 -17.8 17.4 19.94 11.6 100 632 3.556 8.493 13
127.5291 371 -10.67 -17.8 17.4 19.94 11.6 100 632 3.556 8.493 13
147.0288 7 -10.67 -17.8 17.4 19.94 11.6 100 632 3.556 8.493 13
158.2384 176 -10.67 -17.8 17.4 19.94 11.6 100 632 3.556 8.493 13
140.7912 308 -10.67 -17.8 17.4 19.94 11.6 100 632 3.556 8.493 13
119.8576 229 -10.67 -17.8 17.4 19.94 11.6 100 632 3.556 8.493 13
139.735 346 -10.67 -17.8 17.4 19.94 11.6 100 632 3.556 8.493 13
130.8904 373 -10.67 -17.8 17.4 19.94 11.6 100 632 3.556 8.493 13
144.0463 446 -10.67 -17.8 17.4 19.94 11.6 100 632 3.556 8.493 13
137.3026 440 -10.67 -17.8 17.4 19.94 11.6 100 632 3.556 8.493 13
139.1732 1 -10.67 -17.8 17.4 19.94 11.6 100 632 3.556 8.493 13
156.2321 39 -10.67 -17.8 17.4 19.94 11.6 100 632 3.556 8.493 13
116.4458 152 -10.67 -17.8 17.4 19.94 11.6 100 632 3.556 8.493 13
125.2672 145 -10.67 -17.8 17.4 19.94 11.6 100 632 3.556 8.493 13
121.0696 83 -10.67 -17.8 17.4 19.94 11.6 100 632 3.556 8.493 13
130.5769 387 -10.67 -17.8 17.4 19.94 11.6 100 632 3.556 8.493 13
167.2218 89 -10.67 -17.8 17.4 19.94 11.6 100 632 3.556 8.493 13
126.0857 54 -10.67 -17.8 17.4 19.94 11.6 100 632 3.556 8.493 13
89.04314 452 -10.67 -17.8 17.4 19.94 11.6 100 632 3.556 8.493 13
58.32548 287 -10.67 -17.8 17.4 19.94 11.6 100 632 3.556 8.493 13
144.93 376 -10.67 -17.8 17.4 19.94 11.6 100 632 3.556 8.493 13
120.9012 70 -10.67 -17.8 17.4 19.94 11.6 100 632 3.556 8.493 13
129.023 95 -10.67 -17.8 17.4 19.94 11.6 100 632 3.556 8.493 13
109.5444 26 -10.67 -17.8 17.4 19.94 11.6 100 632 3.556 8.493 13
141.6855 170 -10.67 -17.8 17.4 19.94 11.6 100 632 3.556 8.493 13
159.9437 162 -10.67 -17.8 17.4 19.94 11.6 100 632 3.556 8.493 13
129.7931 83 -10.67 -17.8 17.4 19.94 11.6 100 632 3.556 8.493 13
118.9234 402 -10.67 -17.8 17.4 19.94 11.6 100 632 3.556 8.493 13
173.411 396 -10.67 -17.8 17.4 19.94 11.6 100 632 3.556 8.493 13
65.72663 455 -10.67 -17.8 17.4 19.94 11.6 100 632 3.556 8.493 13
148.9951 141 -10.67 -17.8 17.4 19.94 11.6 100 632 3.556 8.493 13
122.6792 241 -10.67 -17.8 17.4 19.94 11.6 100 632 3.556 8.493 13
120.472 176 -10.67 -17.8 17.4 19.94 11.6 100 632 3.556 8.493 13
91.02309 205 -10.67 -17.8 17.4 19.94 11.6 100 632 3.556 8.493 13
84.65295 8 -10.67 -17.8 17.4 19.94 11.6 100 632 3.556 8.493 13
119.1948 21 -10.67 -17.8 17.4 19.94 11.6 100 632 3.556 8.493 13
159.0695 460 -10.67 -17.8 17.4 19.94 11.6 100 632 3.556 8.493 13
102.7839 403 -10.67 -17.8 17.4 19.94 11.6 100 632 3.556 8.493 13
138.0496 400 -10.67 -17.8 17.4 19.94 11.6 100 632 3.556 8.493 13
124.1499 144 -10.67 -17.8 17.4 19.94 11.6 100 632 3.556 8.493 13
115.1234 12 -10.67 -17.8 17.4 19.94 11.6 100 632 3.556 8.493 13
139.3404 347 -10.67 -17.8 17.4 19.94 11.6 100 632 3.556 8.493 13
141.0269 472 -10.67 -17.8 17.4 19.94 11.6 100 632 3.556 8.493 13
77.15291 243 -10.67 -17.8 17.4 19.94 11.6 100 632 3.556 8.493 13
124.0205 447 -10.67 -17.8 17.4 19.94 11.6 100 632 3.556 8.493 13
145.6485 302 -10.67 -17.8 17.4 19.94 11.6 100 632 3.556 8.493 13
119.7282 84 -10.67 -17.8 17.4 19.94 11.6 100 632 3.556 8.493 13
165.4817 145 -10.67 -17.8 17.4 19.94 11.6 100 632 3.556 8.493 13
149.3486 461 -10.67 -17.8 17.4 19.94 11.6 100 632 3.556 8.493 13
138.0443 422 -10.67 -17.8 17.4 19.94 11.6 100 632 3.556 8.493 13
116.8351 11 -10.67 -17.8 17.4 19.94 11.6 100 632 3.556 8.493 13
126.2751 458 -10.67 -17.8 17.4 19.94 11.6 100 632 3.556 8.493 13
108.1988 301 -10.67 -17.8 17.4 19.94 11.6 100 632 3.556 8.493 13
56.00571 406 -10.67 -17.8 17.4 19.94 11.6 100 632 3.556 8.493 13
119.6809 37 -10.67 -17.8 17.4 19.94 11.6 100 632 3.556 8.493 13
110.8268 132 -10.67 -17.8 17.4 19.94 11.6 100 632 3.556 8.493 13
90.99784 109 -10.67 -17.8 17.4 19.94 11.6 100 632 3.556 8.493 13
64.30636 230 -10.67 -17.8 17.4 19.94 11.6 100 632 3.556 8.493 13
57.65848 456 -10.67 -17.8 17.4 19.94 11.6 100 632 3.556 8.493 13
113.2865 388 -10.67 -17.8 17.4 19.94 11.6 100 632 3.556 8.493 13
127.4071 82 -10.67 -17.8 17.4 19.94 11.6 100 632 3.556 8.493 13
163.9089 474 -10.67 -17.8 17.4 19.94 11.6 100 632 3.556 8.493 13
81.30218 444 -10.67 -17.8 17.4 19.94 11.6 100 632 3.556 8.493 13
166.5432 177 -10.67 -17.8 17.4 19.94 11.6 100 632 3.556 8.493 13
148.2071 160 -10.67 -17.8 17.4 19.94 11.6 100 632 3.556 8.493 13
136.7251 144 -10.67 -17.8 17.4 19.94 11.6 100 632 3.556 8.493 13
109.7117 345 -10.67 -17.8 17.4 19.94 11.6 100 632 3.556 8.493 13
157.8586 330 -10.67 -17.8 17.4 19.94 11.6 100 632 3.556 8.493 13
84.6761 410 -10.67 -17.8 17.4 19.94 11.6 100 632 3.556 8.493 13
126.1046 466 -10.67 -17.8 17.4 19.94 11.6 100 632 3.556 8.493 13
155.0023 377 -10.67 -17.8 17.4 19.94 11.6 100 632 3.556 8.493 13
89.2809 49 -10.67 -17.8 17.4 19.94 11.6 100 632 3.556 8.493 13
132.3296 82 -10.67 -17.8 17.4 19.94 11.6 100 632 3.556 8.493 13
147.4044 113 -10.67 -17.8 17.4 19.94 11.6 100 632 3.556 8.493 13
107.8211 70 -10.67 -17.8 17.4 19.94 11.6 100 632 3.556 8.493 13
79.07815 16 -10.67 -17.8 17.4 19.94 11.6 100 632 3.556 8.493 13
72.81848 51 -10.67 -17.8 17.4 19.94 11.6 100 632 3.556 8.493 13
151.7052 160 -10.67 -17.8 17.4 19.94 11.6 100 632 3.556 8.493 13
164.072 102 -10.67 -17.8 17.4 19.94 11.6 100 632 3.556 8.493 13
63.70354 2 -10.67 -17.8 17.4 19.94 11.6 100 632 3.556 8.493 13
70.1084 134 -10.67 -17.8 17.4 19.94 11.6 100 632 3.556 8.493 13
105.6634 3 -10.67 -17.8 17.4 19.94 11.6 100 632 3.556 8.493 13
131.2954 434 -10.67 -17.8 17.4 19.94 11.6 100 632 3.556 8.493 13
154.2385 174 -10.67 -17.8 17.4 19.94 11.6 100 632 3.556 8.493 13
160.2625 167 -10.67 -17.8 17.4 19.94 11.6 100 632 3.556 8.493 13
122.0785 324 -10.67 -17.8 17.4 19.94 11.6 100 632 3.556 8.493 13
160.758 150 -10.67 -17.8 17.4 19.94 11.6 100 632 3.556 8.493 13
99.50364 142 -10.67 -17.8 17.4 19.94 11.6 100 632 3.556 8.493 13
92.6706 409 -10.67 -17.8 17.4 19.94 11.6 100 632 3.556 8.493 13
108.83 464 -10.67 -17.8 17.4 19.94 11.6 100 632 3.556 8.493 13
144.0673 116 -10.67 -17.8 17.4 19.94 11.6 100 632 3.556 8.493 13
121.0822 476 -10.67 -17.8 17.4 19.94 11.6 100 632 3.556 8.493 13
107.6938 64 -10.67 -17.8 17.4 19.94 11.6 100 632 3.556 8.493 13
117.5978 174 -10.67 -17.8 17.4 19.94 11.6 100 632 3.556 8.493 13
130.3234 169 -10.67 -17.8 17.4 19.94 11.6 100 632 3.556 8.493 13
164.0183 38 -10.67 -17.8 17.4 19.94 11.6 100 632 3.556 8.493 13
168.1066 237 -10.67 -17.8 17.4 19.94 11.6 100 632 3.556 8.493 13
130.4233 383 -10.67 -17.8 17.4 19.94 11.6 100 632 3.556 8.493 13
104.6618 27 -10.67 -17.8 17.4 19.94 11.6 100 632 3.556 8.493 13
158.5014 173 -10.67 -17.8 17.4 19.94 11.6 100 632 3.556 8.493 13
172.3253 86 -10.67 -17.8 17.4 19.94 11.6 100 632 3.556 8.493 13
117.743 30 -10.67 -17.8 17.4 19.94 11.6 100 632 3.556 8.493 13
167.1829 161 -10.67 -17.8 17.4 19.94 11.6 100 632 3.556 8.493 13
121.6671 453 -10.67 -17.8 17.4 19.94 11.6 100 632 3.556 8.493 13
153.3127 325 -10.67 -17.8 17.4 19.94 11.6 100 632 3.556 8.493 13
135.2091 107 -10.67 -17.8 17.4 19.94 11.6 100 632 3.556 8.493 13
135.1207 335 -10.67 -17.8 17.4 19.94 11.6 100 632 3.556 8.493 13
127.5291 61 -10.67 -17.8 17.4 19.94 11.6 100 632 3.556 8.493 13
110.3618 405 -10.67 -17.8 17.4 19.94 11.6 100 632 3.556 8.493 13
111.5001 28 -10.67 -17.8 17.4 19.94 11.6 100 632 3.556 8.493 13
119.1601 353 -10.67 -17.8 17.4 19.94 11.6 100 632 3.556 8.493 13
163.4881 220 -10.67 -17.8 17.4 19.94 11.6 100 632 3.556 8.493 13
116.3732 86 -10.67 -17.8 17.4 19.94 11.6 100 632 3.556 8.493 13
152.5194 339 -10.67 -17.8 17.4 19.94 11.6 100 632 3.556 8.493 13
122.6897 153 -10.67 -17.8 17.4 19.94 11.6 100 632 3.556 8.493 13
134.7967 301 -10.67 -17.8 17.4 19.94 11.6 100 632 3.556 8.493 13
107.1447 223 -10.67 -17.8 17.4 19.94 11.6 100 632 3.556 8.493 13
164.3087 36 -10.67 -17.8 17.4 19.94 11.6 100 632 3.556 8.493 13
112.9688 334 -10.67 -17.8 17.4 19.94 11.6 100 632 3.556 8.493 13
93.96882 31 -10.67 -17.8 17.4 19.94 11.6 100 632 3.556 8.493 13
91.78688 255 -10.67 -17.8 17.4 19.94 11.6 100 632 3.556 8.493 13
129.9499 154 -10.67 -17.8 17.4 19.94 11.6 100 632 3.556 8.493 13
128.5149 273 -10.67 -17.8 17.4 19.94 11.6 100 632 3.556 8.493 13
86.7076 68 -10.67 -17.8 17.4 19.94 11.6 100 632 3.556 8.493 13
95.58056 382 -10.67 -17.8 17.4 19.94 11.6 100 632 3.556 8.493 13
104.6618 10 -10.67 -17.8 17.4 19.94 11.6 100 632 3.556 8.493 13
118.876 427 -10.67 -17.8 17.4 19.94 11.6 100 632 3.556 8.493 13
109.1898 218 -10.67 -17.8 17.4 19.94 11.6 100 632 3.556 8.493 13
87.60394 468 -10.67 -17.8 17.4 19.94 11.6 100 632 3.556 8.493 13
147.5706 359 -10.67 -17.8 17.4 19.94 11.6 100 632 3.556 8.493 13
134.641 13 -10.67 -17.8 17.4 19.94 11.6 100 632 3.556 8.493 13
127.6406 227 -10.67 -17.8 17.4 19.94 11.6 100 632 3.556 8.493 13
153.2885 155 -10.67 -17.8 17.4 19.94 11.6 100 632 3.556 8.493 13
151.7536 175 -10.67 -17.8 17.4 19.94 11.6 100 632 3.556 8.493 13
149.1624 143 -10.67 -17.8 17.4 19.94 11.6 100 632 3.556 8.493 13
161.0284 356 -10.67 -17.8 17.4 19.94 11.6 100 632 3.556 8.493 13
148.0945 116 -10.67 -17.8 17.4 19.94 11.6 100 632 3.556 8.493 13
167.1965 171 -10.67 -17.8 17.4 19.94 11.6 100 632 3.556 8.493 13
172.1201 392 -10.67 -17.8 17.4 19.94 11.6 100 632 3.556 8.493 13
127.9815 228 -10.67 -17.8 17.4 19.94 11.6 100 632 3.556 8.493 13
138.1316 430 -10.67 -17.8 17.4 19.94 11.6 100 632 3.556 8.493 13
63.91185 454 -10.67 -17.8 17.4 19.94 11.6 100 632 3.556 8.493 13
161.2493 450 -10.67 -17.8 17.4 19.94 11.6 100 632 3.556 8.493 13
138.7902 33 -10.67 -17.8 17.4 19.94 11.6 100 632 3.556 8.493 13
67.15531 343 -10.67 -17.8 17.4 19.94 11.6 100 632 3.556 8.493 13
144.3808 478 -10.67 -17.8 17.4 19.94 11.6 100 632 3.556 8.493 13
150.9393 35 -10.67 -17.8 17.4 19.94 11.6 100 632 3.556 8.493 13
59.94984 321 -10.67 -17.8 17.4 19.94 11.6 100 632 3.556 8.493 13
71.41084 6 -10.67 -17.8 17.4 19.94 11.6 100 632 3.556 8.493 13
116.2754 322 -10.67 -17.8 17.4 19.94 11.6 100 632 3.556 8.493 13
102.6587 385 -10.67 -17.8 17.4 19.94 11.6 100 632 3.556 8.493 13
27.55311 77 -10.67 -17.8 17.4 19.94 11.6 100 632 3.556 8.493 13
152.3616 61 -10.67 -17.8 17.4 19.94 11.6 100 632 3.556 8.493 13
49.78286 104 -10.67 -17.8 17.4 19.94 11.6 100 632 3.556 8.493 13
141.2625 148 -10.67 -17.8 17.4 19.94 11.6 100 632 3.556 8.493 13
151.4842 75 -10.67 -17.8 17.4 19.94 11.6 100 632 3.556 8.493 13
163.6459 143 -10.67 -17.8 17.4 19.94 11.6 100 632 3.556 8.493 13
148.6353 87 -10.67 -17.8 17.4 19.94 11.6 100 632 3.556 8.493 13
158.2394 292 -10.67 -17.8 17.4 19.94 11.6 100 632 3.556 8.493 13
197.5534 396 -10.67 -17.8 17.4 19.94 11.6 100 632 3.556 8.493 13
122.2226 60 -10.67 -17.8 17.4 19.94 11.6 100 632 3.556 8.493 13
147.5811 164 -10.67 -17.8 17.4 19.94 11.6 100 632 3.556 8.493 13
74.3208 415 -10.67 -17.8 17.4 19.94 11.6 100 632 3.556 8.493 13
146.8721 250 -10.67 -17.8 17.4 19.94 11.6 100 632 3.556 8.493 13
161.2199 477 -10.67 -17.8 17.4 19.94 11.6 100 632 3.556 8.493 13
129.8752 407 -10.67 -17.8 17.4 19.94 11.6 100 632 3.556 8.493 13
130.5411 245 -10.67 -17.8 17.4 19.94 11.6 100 632 3.556 8.493 13
157.6345 38 -10.67 -17.8 17.4 19.94 11.6 100 632 3.556 8.493 13
120.2048 1 -10.67 -17.8 17.4 19.94 11.6 100 632 3.556 8.493 13
119.5862 225 -10.67 -17.8 17.4 19.94 11.6 100 632 3.556 8.493 13
97.63521 406 -10.67 -17.8 17.4 19.94 11.6 100 632 3.556 8.493 13
112.7668 233 -10.67 -17.8 17.4 19.94 11.6 100 632 3.556 8.493 13
99.33006 435 -10.67 -17.8 17.4 19.94 11.6 100 632 3.556 8.493 13
144.9458 470 -10.67 -17.8 17.4 19.94 11.6 100 632 3.556 8.493 13
92.6727 75 -10.67 -17.8 17.4 19.94 11.6 100 632 3.556 8.493 13
152.4416 29 -10.67 -17.8 17.4 19.94 11.6 100 632 3.556 8.493 13
118.8497 14 -10.67 -17.8 17.4 19.94 11.6 100 632 3.556 8.493 13
101.1038 305 -10.67 -17.8 17.4 19.94 11.6 100 632 3.556 8.493 13
152.1512 279 -10.67 -17.8 17.4 19.94 11.6 100 632 3.556 8.493 13
149.6095 326 -10.67 -17.8 17.4 19.94 11.6 100 632 3.556 8.493 13
133.7604 268 -10.67 -17.8 17.4 19.94 11.6 100 632 3.556 8.493 13
151.763 168 -10.67 -17.8 17.4 19.94 11.6 100 632 3.556 8.493 13
133.1975 386 -10.67 -17.8 17.4 19.94 11.6 100 632 3.556 8.493 13
103.7823 89 -10.67 -17.8 17.4 19.94 11.6 100 632 3.556 8.493 13
136.6483 32 -10.67 -17.8 17.4 19.94 11.6 100 632 3.556 8.493 13
111.7926 327 -10.67 -17.8 17.4 19.94 11.6 100 632 3.556 8.493 13
142.1021 156 -10.67 -17.8 17.4 19.94 11.6 100 632 3.556 8.493 13
142.2788 271 -10.67 -17.8 17.4 19.94 11.6 100 632 3.556 8.493 13
160.8369 207 -10.67 -17.8 17.4 19.94 11.6 100 632 3.556 8.493 13
202.7294 333 -10.67 -17.8 17.4 19.94 11.6 100 632 3.556 8.493 13
91.78162 118 -10.67 -17.8 17.4 19.94 11.6 100 632 3.556 8.493 13
176.6976 463 -10.67 -17.8 17.4 19.94 11.6 100 632 3.556 8.493 13
147.9325 269 -10.67 -17.8 17.4 19.94 11.6 100 632 3.556 8.493 13
133.7152 397 -10.67 -17.8 17.4 19.94 11.6 100 632 3.556 8.493 13
147.7568 437 -10.67 -17.8 17.4 19.94 11.6 100 632 3.556 8.493 13
97.68045 231 -10.67 -17.8 17.4 19.94 11.6 100 632 3.556 8.493 13
123.2599 9 -10.67 -17.8 17.4 19.94 11.6 100 632 3.556 8.493 13
165.2334 39 -10.67 -17.8 17.4 19.94 11.6 100 632 3.556 8.493 13
111.0961 42 -10.67 -17.8 17.4 19.94 11.6 100 632 3.556 8.493 13
85.98589 148 -10.67 -17.8 17.4 19.94 11.6 100 632 3.556 8.493 13
37.60226 110 -10.67 -17.8 17.4 19.94 11.6 100 632 3.556 8.493 13
121.3578 217 -10.67 -17.8 17.4 19.94 11.6 100 632 3.556 8.493 13
140.6787 99 -10.67 -17.8 17.4 19.94 11.6 100 632 3.556 8.493 13
122.534 267 -10.67 -17.8 17.4 19.94 11.6 100 632 3.556 8.493 13
137.2574 132 -10.67 -17.8 17.4 19.94 11.6 100 632 3.556 8.493 13
75.56327 124 -10.67 -17.8 17.4 19.94 11.6 100 632 3.556 8.493 13
73.08675 215 -10.67 -17.8 17.4 19.94 11.6 100 632 3.556 8.493 13
131.5174 53 -10.67 -17.8 17.4 19.94 11.6 100 632 3.556 8.493 13
218.2787 146 -10.67 -17.8 17.4 19.94 11.6 100 632 3.556 8.493 13
111.1635 257 -10.67 -17.8 17.4 19.94 11.6 100 632 3.556 8.493 13
89.5334 25 -10.67 -17.8 17.4 19.94 11.6 100 632 3.556 8.493 13
158.7307 164 -10.67 -17.8 17.4 19.94 11.6 100 632 3.556 8.493 13
145.7211 362 -10.67 -17.8 17.4 19.94 11.6 100 632 3.556 8.493 13
167.8751 398 -10.67 -17.8 17.4 19.94 11.6 100 632 3.556 8.493 13
169.4974 236 -10.67 -17.8 17.4 19.94 11.6 100 632 3.556 8.493 13
127.425 209 -10.67 -17.8 17.4 19.94 11.6 100 632 3.556 8.493 13
144.526 111 -10.67 -17.8 17.4 19.94 11.6 100 632 3.556 8.493 13
123.4261 212 -10.67 -17.8 17.4 19.94 11.6 100 632 3.556 8.493 13
66.12114 293 -10.67 -17.8 17.4 19.94 11.6 100 632 3.556 8.493 13
158.1521 147 -10.67 -17.8 17.4 19.94 11.6 100 632 3.556 8.493 13
83.61458 428 -10.67 -17.8 17.4 19.94 11.6 100 632 3.556 8.493 13
117.3948 123 -10.67 -17.8 17.4 19.94 11.6 100 632 3.556 8.493 13
147.2213 7 -10.67 -17.8 17.4 19.94 11.6 100 632 3.556 8.493 13
104.2862 432 -10.67 -17.8 17.4 19.94 11.6 100 632 3.556 8.493 13
114.894 404 -10.67 -17.8 17.4 19.94 11.6 100 632 3.556 8.493 13
100.4368 177 -10.67 -17.8 17.4 19.94 11.6 100 632 3.556 8.493 13
57.63113 315 -10.67 -17.8 17.4 19.94 11.6 100 632 3.556 8.493 13
115.6073 37 -10.67 -17.8 17.4 19.94 11.6 100 632 3.556 8.493 13
109.0857 64 -10.67 -17.8 17.4 19.94 11.6 100 632 3.556 8.493 13
124.8317 172 -10.67 -17.8 17.4 19.94 11.6 100 632 3.556 8.493 13
110.9615 424 -10.67 -17.8 17.4 19.94 11.6 100 632 3.556 8.493 13
53.02947 332 -10.67 -17.8 17.4 19.94 11.6 100 632 3.556 8.493 13
51.39459 416 -10.67 -17.8 17.4 19.94 11.6 100 632 3.556 8.493 13
136.9681 18 -10.67 -17.8 17.4 19.94 11.6 100 632 3.556 8.493 13
100.8639 251 -10.67 -17.8 17.4 19.94 11.6 100 632 3.556 8.493 13
125.6197 5 -10.67 -17.8 17.4 19.94 11.6 100 632 3.556 8.493 13
127.7101 130 -10.67 -17.8 17.4 19.94 11.6 100 632 3.556 8.493 13
114.1355 216 -10.67 -17.8 17.4 19.94 11.6 100 632 3.556 8.493 13
157.3652 161 -10.67 -17.8 17.4 19.94 11.6 100 632 3.556 8.493 13
111.6138 394 -10.67 -17.8 17.4 19.94 11.6 100 632 3.556 8.493 13
110.5964 103 -10.67 -17.8 17.4 19.94 11.6 100 632 3.556 8.493 13
108.7985 248 -10.67 -17.8 17.4 19.94 11.6 100 632 3.556 8.493 13
121.0443 459 -10.67 -17.8 17.4 19.94 11.6 100 632 3.556 8.493 13
93.8531 275 -10.67 -17.8 17.4 19.94 11.6 100 632 3.556 8.493 13
197.8228 75 -3.89 -7.67 28.3 13.67 4.33 -999 526 0.254 2.68 7
164.0451 65 -3.89 -7.67 28.3 13.67 4.33 -999 526 0.254 2.68 7
199.8679 4 -3.89 -7.67 28.3 13.67 4.33 -999 526 0.254 2.68 7
174.1947 106 -3.89 -7.67 28.3 13.67 4.33 -999 526 0.254 2.68 7
227.8863 11 -3.89 -7.67 28.3 13.67 4.33 -999 526 0.254 2.68 7
202.5077 272 -3.89 -7.67 28.3 13.67 4.33 -999 526 0.254 2.68 7
229.2402 255 -3.89 -7.67 28.3 13.67 4.33 -999 526 0.254 2.68 7
191.8804 97 -3.89 -7.67 28.3 13.67 4.33 -999 526 0.254 2.68 7
229.7274 326 -3.89 -7.67 28.3 13.67 4.33 -999 526 0.254 2.68 7
134.1441 92 -3.89 -7.67 28.3 13.67 4.33 -999 526 0.254 2.68 7
213.7355 90 -3.89 -7.67 28.3 13.67 4.33 -999 526 0.254 2.68 7
222.7653 258 -3.89 -7.67 28.3 13.67 4.33 -999 526 0.254 2.68 7
217.7009 308 -3.89 -7.67 28.3 13.67 4.33 -999 526 0.254 2.68 7
208.4813 196 -3.89 -7.67 28.3 13.67 4.33 -999 526 0.254 2.68 7
176.0641 414 -3.89 -7.67 28.3 13.67 4.33 -999 526 0.254 2.68 7
182.3332 78 -3.89 -7.67 28.3 13.67 4.33 -999 526 0.254 2.68 7
204.9606 102 -3.89 -7.67 28.3 13.67 4.33 -999 526 0.254 2.68 7
169.4022 2 -3.89 -7.67 28.3 13.67 4.33 -999 526 0.254 2.68 7
219.3352 458 -3.89 -7.67 28.3 13.67 4.33 -999 526 0.254 2.68 7
196.5785 251 -3.89 -7.67 28.3 13.67 4.33 -999 526 0.254 2.68 7
197.364 293 -3.89 -7.67 28.3 13.67 4.33 -999 526 0.254 2.68 7
191.0382 359 -3.89 -7.67 28.3 13.67 4.33 -999 526 0.254 2.68 7
192.4318 42 -3.89 -7.67 28.3 13.67 4.33 -999 526 0.254 2.68 7
172.5292 29 -3.89 -7.67 28.3 13.67 4.33 -999 526 0.254 2.68 7
215.6577 419 -3.89 -7.67 28.3 13.67 4.33 -999 526 0.254 2.68 7
175.6543 235 -3.89 -7.67 28.3 13.67 4.33 -999 526 0.254 2.68 7
215.3207 449 -3.89 -7.67 28.3 13.67 4.33 -999 526 0.254 2.68 7
231.3305 140 -3.89 -7.67 28.3 13.67 4.33 -999 526 0.254 2.68 7
204.0976 130 -3.89 -7.67 28.3 13.67 4.33 -999 526 0.254 2.68 7
194.9791 328 -3.89 -7.67 28.3 13.67 4.33 -999 526 0.254 2.68 7
222.4792 113 -3.89 -7.67 28.3 13.67 4.33 -999 526 0.254 2.68 7
169.1983 404 -3.89 -7.67 28.3 13.67 4.33 -999 526 0.254 2.68 7
163.9035 7 -3.89 -7.67 28.3 13.67 4.33 -999 526 0.254 2.68 7
211.8283 284 -3.89 -7.67 28.3 13.67 4.33 -999 526 0.254 2.68 7
190.654 99 -3.89 -7.67 28.3 13.67 4.33 -999 526 0.254 2.68 7
214.9175 316 -3.89 -7.67 28.3 13.67 4.33 -999 526 0.254 2.68 7
217.4743 152 -3.89 -7.67 28.3 13.67 4.33 -999 526 0.254 2.68 7
128.7813 402 -3.89 -7.67 28.3 13.67 4.33 -999 526 0.254 2.68 7
185.1817 37 -3.89 -7.67 28.3 13.67 4.33 -999 526 0.254 2.68 7
193.4212 189 -3.89 -7.67 28.3 13.67 4.33 -999 526 0.254 2.68 7
200.5646 217 -3.89 -7.67 28.3 13.67 4.33 -999 526 0.254 2.68 7
218.3684 158 -3.89 -7.67 28.3 13.67 4.33 -999 526 0.254 2.68 7
205.7848 260 -3.89 -7.67 28.3 13.67 4.33 -999 526 0.254 2.68 7
166.5641 61 -3.89 -7.67 28.3 13.67 4.33 -999 526 0.254 2.68 7
204.0457 164 -3.89 -7.67 28.3 13.67 4.33 -999 526 0.254 2.68 7
195.622 394 -3.89 -7.67 28.3 13.67 4.33 -999 526 0.254 2.68 7
204.5017 100 -3.89 -7.67 28.3 13.67 4.33 -999 526 0.254 2.68 7
170.5257 206 -3.89 -7.67 28.3 13.67 4.33 -999 526 0.254 2.68 7
214.4209 49 -3.89 -7.67 28.3 13.67 4.33 -999 526 0.254 2.68 7
171.3056 68 -3.89 -7.67 28.3 13.67 4.33 -999 526 0.254 2.68 7
215.9457 431 -3.89 -7.67 28.3 13.67 4.33 -999 526 0.254 2.68 7
144.1567 121 -3.89 -7.67 28.3 13.67 4.33 -999 526 0.254 2.68 7
160.3951 269 -3.89 -7.67 28.3 13.67 4.33 -999 526 0.254 2.68 7
206.6544 457 -3.89 -7.67 28.3 13.67 4.33 -999 526 0.254 2.68 7
221.7796 225 -3.89 -7.67 28.3 13.67 4.33 -999 526 0.254 2.68 7
148.1873 60 -3.89 -7.67 28.3 13.67 4.33 -999 526 0.254 2.68 7
176.2 108 -3.89 -7.67 28.3 13.67 4.33 -999 526 0.254 2.68 7
163.692 70 -3.89 -7.67 28.3 13.67 4.33 -999 526 0.254 2.68 7
200.8394 199 -3.89 -7.67 28.3 13.67 4.33 -999 526 0.254 2.68 7
213.5655 405 -3.89 -7.67 28.3 13.67 4.33 -999 526 0.254 2.68 7
157.8912 121 -3.89 -7.67 28.3 13.67 4.33 -999 526 0.254 2.68 7
203.6898 389 -3.89 -7.67 28.3 13.67 4.33 -999 526 0.254 2.68 7
194.9696 30 -3.89 -7.67 28.3 13.67 4.33 -999 526 0.254 2.68 7
194.3616 191 -3.89 -7.67 28.3 13.67 4.33 -999 526 0.254 2.68 7
206.6544 188 -3.89 -7.67 28.3 13.67 4.33 -999 526 0.254 2.68 7
224.0965 164 -3.89 -7.67 28.3 13.67 4.33 -999 526 0.254 2.68 7
216.0354 263 -3.89 -7.67 28.3 13.67 4.33 -999 526 0.254 2.68 7
208.7787 401 -3.89 -7.67 28.3 13.67 4.33 -999 526 0.254 2.68 7
168.1635 336 -3.89 -7.67 28.3 13.67 4.33 -999 526 0.254 2.68 7
193.8537 356 -3.89 -7.67 28.3 13.67 4.33 -999 526 0.254 2.68 7
128.6152 60 -3.89 -7.67 28.3 13.67 4.33 -999 526 0.254 2.68 7
219.2738 153 -3.89 -7.67 28.3 13.67 4.33 -999 526 0.254 2.68 7
194.6354 27 -3.89 -7.67 28.3 13.67 4.33 -999 526 0.254 2.68 7
188.7534 327 -3.89 -7.67 28.3 13.67 4.33 -999 526 0.254 2.68 7
184.8975 88 -3.89 -7.67 28.3 13.67 4.33 -999 526 0.254 2.68 7
164.2717 215 -3.89 -7.67 28.3 13.67 4.33 -999 526 0.254 2.68 7
205.3854 417 -3.89 -7.67 28.3 13.67 4.33 -999 526 0.254 2.68 7
187.3655 296 -3.89 -7.67 28.3 13.67 4.33 -999 526 0.254 2.68 7
169.5476 98 -3.89 -7.67 28.3 13.67 4.33 -999 526 0.254 2.68 7
171.5737 53 -3.89 -7.67 28.3 13.67 4.33 -999 526 0.254 2.68 7
174.4402 95 -3.89 -7.67 28.3 13.67 4.33 -999 526 0.254 2.68 7
199.7206 398 -3.89 -7.67 28.3 13.67 4.33 -999 526 0.254 2.68 7
222.7964 155 -3.89 -7.67 28.3 13.67 4.33 -999 526 0.254 2.68 7
179.6471 31 -3.89 -7.67 28.3 13.67 4.33 -999 526 0.254 2.68 7
234.1177 408 -3.89 -7.67 28.3 13.67 4.33 -999 526 0.254 2.68 7
156.1332 56 -3.89 -7.67 28.3 13.67 4.33 -999 526 0.254 2.68 7
184.0846 8 -3.89 -7.67 28.3 13.67 4.33 -999 526 0.254 2.68 7
214.0905 166 -3.89 -7.67 28.3 13.67 4.33 -999 526 0.254 2.68 7
218.8489 44 -3.89 -7.67 28.3 13.67 4.33 -999 526 0.254 2.68 7
148.5687 117 -3.89 -7.67 28.3 13.67 4.33 -999 526 0.254 2.68 7
79.83687 91 -3.89 -7.67 28.3 13.67 4.33 -999 526 0.254 2.68 7
211.5035 103 -3.89 -7.67 28.3 13.67 4.33 -999 526 0.254 2.68 7
182.1557 403 -3.89 -7.67 28.3 13.67 4.33 -999 526 0.254 2.68 7
202.1763 209 -3.89 -7.67 28.3 13.67 4.33 -999 526 0.254 2.68 7
181.1285 323 -3.89 -7.67 28.3 13.67 4.33 -999 526 0.254 2.68 7
217.7962 335 -3.89 -7.67 28.3 13.67 4.33 -999 526 0.254 2.68 7
218.1352 5 -3.89 -7.67 28.3 13.67 4.33 -999 526 0.254 2.68 7
207.2917 187 -3.89 -7.67 28.3 13.67 4.33 -999 526 0.254 2.68 7
242.3619 139 -3.89 -7.67 28.3 13.67 4.33 -999 526 0.254 2.68 7
189.0905 287 -3.89 -7.67 28.3 13.67 4.33 -999 526 0.254 2.68 7
202.3604 294 -3.89 -7.67 28.3 13.67 4.33 -999 526 0.254 2.68 7
176.3001 197 -3.89 -7.67 28.3 13.67 4.33 -999 526 0.254 2.68 7
224.9 30 -3.89 -7.67 28.3 13.67 4.33 -999 526 0.254 2.68 7
169.6401 400 -3.89 -7.67 28.3 13.67 4.33 -999 526 0.254 2.68 7
208.1272 250 -3.89 -7.67 28.3 13.67 4.33 -999 526 0.254 2.68 7
256.1936 13 -3.89 -7.67 28.3 13.67 4.33 -999 526 0.254 2.68 7
167.9822 351 -3.89 -7.67 28.3 13.67 4.33 -999 526 0.254 2.68 7
226.911 302 -3.89 -7.67 28.3 13.67 4.33 -999 526 0.254 2.68 7
176.6589 184 -3.89 -7.67 28.3 13.67 4.33 -999 526 0.254 2.68 7
196.8428 80 -3.89 -7.67 28.3 13.67 4.33 -999 526 0.254 2.68 7
194.8856 405 -3.89 -7.67 28.3 13.67 4.33 -999 526 0.254 2.68 7
145.4738 444 -3.89 -7.67 28.3 13.67 4.33 -999 526 0.254 2.68 7
200.8347 69 -3.89 -7.67 28.3 13.67 4.33 -999 526 0.254 2.68 7
224.7234 391 -3.89 -7.67 28.3 13.67 4.33 -999 526 0.254 2.68 7
218.6346 407 -3.89 -7.67 28.3 13.67 4.33 -999 526 0.254 2.68 7
207.946 132 -3.89 -7.67 28.3 13.67 4.33 -999 526 0.254 2.68 7
213.1265 140 -3.89 -7.67 28.3 13.67 4.33 -999 526 0.254 2.68 7
203.1327 46 -3.89 -7.67 28.3 13.67 4.33 -999 526 0.254 2.68 7
137.0162 107 -3.89 -7.67 28.3 13.67 4.33 -999 526 0.254 2.68 7
146.3405 416 -3.89 -7.67 28.3 13.67 4.33 -999 526 0.254 2.68 7
199.6441 12 -3.89 -7.67 28.3 13.67 4.33 -999 526 0.254 2.68 7
184.9976 3 -3.89 -7.67 28.3 13.67 4.33 -999 526 0.254 2.68 7
208.0442 282 -3.89 -7.67 28.3 13.67 4.33 -999 526 0.254 2.68 7
215.806 165 -3.89 -7.67 28.3 13.67 4.33 -999 526 0.254 2.68 7
200.2276 333 -3.89 -7.67 28.3 13.67 4.33 -999 526 0.254 2.68 7
226.3587 178 -3.89 -7.67 28.3 13.67 4.33 -999 526 0.254 2.68 7
209.8494 195 -3.89 -7.67 28.3 13.67 4.33 -999 526 0.254 2.68 7
118.3957 25 -3.89 -7.67 28.3 13.67 4.33 -999 526 0.254 2.68 7
175.6109 124 -3.89 -7.67 28.3 13.67 4.33 -999 526 0.254 2.68 7
172.1752 59 -3.89 -7.67 28.3 13.67 4.33 -999 526 0.254 2.68 7
183.9883 273 -3.89 -7.67 28.3 13.67 4.33 -999 526 0.254 2.68 7
179.7765 200 -3.89 -7.67 28.3 13.67 4.33 -999 526 0.254 2.68 7
205.1079 183 -3.89 -7.67 28.3 13.67 4.33 -999 526 0.254 2.68 7
212.9424 354 -3.89 -7.67 28.3 13.67 4.33 -999 526 0.254 2.68 7
195.9912 126 -3.89 -7.67 28.3 13.67 4.33 -999 526 0.254 2.68 7
201.2652 102 -3.89 -7.67 28.3 13.67 4.33 -999 526 0.254 2.68 7
212.9858 103 -3.89 -7.67 28.3 13.67 4.33 -999 526 0.254 2.68 7
153.4273 426 -3.89 -7.67 28.3 13.67 4.33 -999 526 0.254 2.68 7
241.3347 39 -3.89 -7.67 28.3 13.67 4.33 -999 526 0.254 2.68 7
240.992 156 -3.89 -7.67 28.3 13.67 4.33 -999 526 0.254 2.68 7
188.9639 310 -3.89 -7.67 28.3 13.67 4.33 -999 526 0.254 2.68 7
177.367 402 -3.89 -7.67 28.3 13.67 4.33 -999 526 0.254 2.68 7
181.7743 157 -3.89 -7.67 28.3 13.67 4.33 -999 526 0.254 2.68 7
210.9993 242 -3.89 -7.67 28.3 13.67 4.33 -999 526 0.254 2.68 7
253.9069 408 -3.89 -7.67 28.3 13.67 4.33 -999 526 0.254 2.68 7
99.66202 443 -3.89 -7.67 28.3 13.67 4.33 -999 526 0.254 2.68 7
232.1463 249 -3.89 -7.67 28.3 13.67 4.33 -999 526 0.254 2.68 7
166.058 61 -3.89 -7.67 28.3 13.67 4.33 -999 526 0.254 2.68 7
206.2711 12 -3.89 -7.67 28.3 13.67 4.33 -999 526 0.254 2.68 7
227.3595 238 -3.89 -7.67 28.3 13.67 4.33 -999 526 0.254 2.68 7
165.8532 2 -3.89 -7.67 28.3 13.67 4.33 -999 526 0.254 2.68 7
230.3241 11 -3.89 -7.67 28.3 13.67 4.33 -999 526 0.254 2.68 7
198.3044 100 -3.89 -7.67 28.3 13.67 4.33 -999 526 0.254 2.68 7
218.6356 409 -3.89 -7.67 28.3 13.67 4.33 -999 526 0.254 2.68 7
213.9885 267 -3.89 -7.67 28.3 13.67 4.33 -999 526 0.254 2.68 7
193.9651 31 -3.89 -7.67 28.3 13.67 4.33 -999 526 0.254 2.68 7
184.6445 210 -3.89 -7.67 28.3 13.67 4.33 -999 526 0.254 2.68 7
237.4259 139 -3.89 -7.67 28.3 13.67 4.33 -999 526 0.254 2.68 7
218.9283 289 -3.89 -7.67 28.3 13.67 4.33 -999 526 0.254 2.68 7
141.5839 270 -3.89 -7.67 28.3 13.67 4.33 -999 526 0.254 2.68 7
154.5376 314 -3.89 -7.67 28.3 13.67 4.33 -999 526 0.254 2.68 7
243.391 13 -3.89 -7.67 28.3 13.67 4.33 -999 526 0.254 2.68 7
155.0758 400 -3.89 -7.67 28.3 13.67 4.33 -999 526 0.254 2.68 7
183.5417 306 -3.89 -7.67 28.3 13.67 4.33 -999 526 0.254 2.68 7
222.7709 390 -3.89 -7.67 28.3 13.67 4.33 -999 526 0.254 2.68 7
194.4598 3 -3.89 -7.67 28.3 13.67 4.33 -999 526 0.254 2.68 7
132.9998 93 -3.89 -7.67 28.3 13.67 4.33 -999 526 0.254 2.68 7
216.8511 34 -3.89 -7.67 28.3 13.67 4.33 -999 526 0.254 2.68 7
215.3972 111 -3.89 -7.67 28.3 13.67 4.33 -999 526 0.254 2.68 7
158.4577 64 -3.89 -7.67 28.3 13.67 4.33 -999 526 0.254 2.68 7
208.0423 361 -3.89 -7.67 28.3 13.67 4.33 -999 526 0.254 2.68 7
167.8557 64 -3.89 -7.67 28.3 13.67 4.33 -999 526 0.254 2.68 7
178.9022 446 -3.89 -7.67 28.3 13.67 4.33 -999 526 0.254 2.68 7
217.2288 125 -3.89 -7.67 28.3 13.67 4.33 -999 526 0.254 2.68 7
189.7806 122 -3.89 -7.67 28.3 13.67 4.33 -999 526 0.254 2.68 7
161.664 115 -3.89 -7.67 28.3 13.67 4.33 -999 526 0.254 2.68 7
206.881 151 -3.89 -7.67 28.3 13.67 4.33 -999 526 0.254 2.68 7
137.8961 94 -3.89 -7.67 28.3 13.67 4.33 -999 526 0.254 2.68 7
241.8936 432 -3.89 -7.67 28.3 13.67 4.33 -999 526 0.254 2.68 7
149.1673 329 -3.89 -7.67 28.3 13.67 4.33 -999 526 0.254 2.68 7
213.8261 180 -3.89 -7.67 28.3 13.67 4.33 -999 526 0.254 2.68 7
198.9048 182 -3.89 -7.67 28.3 13.67 4.33 -999 526 0.254 2.68 7
222.1478 220 -3.89 -7.67 28.3 13.67 4.33 -999 526 0.254 2.68 7
147.5556 118 -3.89 -7.67 28.3 13.67 4.33 -999 526 0.254 2.68 7
201.3889 198 -3.89 -7.67 28.3 13.67 4.33 -999 526 0.254 2.68 7
154.7868 70 -3.89 -7.67 28.3 13.67 4.33 -999 526 0.254 2.68 7
234.686 145 -3.89 -7.67 28.3 13.67 4.33 -999 526 0.254 2.68 7
136.6678 118 -3.89 -7.67 28.3 13.67 4.33 -999 526 0.254 2.68 7
215.5728 396 -3.89 -7.67 28.3 13.67 4.33 -999 526 0.254 2.68 7
209.4698 227 -3.89 -7.67 28.3 13.67 4.33 -999 526 0.254 2.68 7
198.6754 323 -3.89 -7.67 28.3 13.67 4.33 -999 526 0.254 2.68 7
218.1654 378 -3.89 -7.67 28.3 13.67 4.33 -999 526 0.254 2.68 7
217.4356 319 -3.89 -7.67 28.3 13.67 4.33 -999 526 0.254 2.68 7
228.9938 382 -3.89 -7.67 28.3 13.67 4.33 -999 526 0.254 2.68 7
198.3497 311 -3.89 -7.67 28.3 13.67 4.33 -999 526 0.254 2.68 7
201.7071 72 -3.89 -7.67 28.3 13.67 4.33 -999 526 0.254 2.68 7
172.9881 65 -3.89 -7.67 28.3 13.67 4.33 -999 526 0.254 2.68 7
233.114 38 -3.89 -7.67 28.3 13.67 4.33 -999 526 0.254 2.68 7
195.521 433 -3.89 -7.67 28.3 13.67 4.33 -999 526 0.254 2.68 7
183.8627 343 -3.89 -7.67 28.3 13.67 4.33 -999 526 0.254 2.68 7
259.2867 265 -3.89 -7.67 28.3 13.67 4.33 -999 526 0.254 2.68 7
209.6907 381 -3.89 -7.67 28.3 13.67 4.33 -999 526 0.254 2.68 7
140.3037 92 -3.89 -7.67 28.3 13.67 4.33 -999 526 0.254 2.68 7
200.1511 440 -3.89 -7.67 28.3 13.67 4.33 -999 526 0.254 2.68 7
218.679 246 -3.89 -7.67 28.3 13.67 4.33 -999 526 0.254 2.68 7
143.3665 78 -3.89 -7.67 28.3 13.67 4.33 -999 526 0.254 2.68 7
196.9929 313 -3.89 -7.67 28.3 13.67 4.33 -999 526 0.254 2.68 7
236.8387 128 -3.89 -7.67 28.3 13.67 4.33 -999 526 0.254 2.68 7
224.6611 177 -3.89 -7.67 28.3 13.67 4.33 -999 526 0.254 2.68 7
183.0036 403 -3.89 -7.67 28.3 13.67 4.33 -999 526 0.254 2.68 7
213.3012 364 -3.89 -7.67 28.3 13.67 4.33 -999 526 0.254 2.68 7
216.3073 438 -3.89 -7.67 28.3 13.67 4.33 -999 526 0.254 2.68 7
185.6944 223 -3.89 -7.67 28.3 13.67 4.33 -999 526 0.254 2.68 7
178.9532 115 -3.89 -7.67 28.3 13.67 4.33 -999 526 0.254 2.68 7
149.4619 63 -3.89 -7.67 28.3 13.67 4.33 -999 526 0.254 2.68 7
240.923 155 -3.89 -7.67 28.3 13.67 4.33 -999 526 0.254 2.68 7
191.9861 285 -3.89 -7.67 28.3 13.67 4.33 -999 526 0.254 2.68 7
197.8058 395 -3.89 -7.67 28.3 13.67 4.33 -999 526 0.254 2.68 7
227.1782 333 -3.89 -7.67 28.3 13.67 4.33 -999 526 0.254 2.68 7
226.6325 226 -3.89 -7.67 28.3 13.67 4.33 -999 526 0.254 2.68 7
192.3931 368 -3.89 -7.67 28.3 13.67 4.33 -999 526 0.254 2.68 7
210.8369 176 -3.89 -7.67 28.3 13.67 4.33 -999 526 0.254 2.68 7
195.911 190 -3.89 -7.67 28.3 13.67 4.33 -999 526 0.254 2.68 7
207.9214 10 -3.89 -7.67 28.3 13.67 4.33 -999 526 0.254 2.68 7
186.0125 356 -3.89 -7.67 28.3 13.67 4.33 -999 526 0.254 2.68 7
175.7997 90 -3.89 -7.67 28.3 13.67 4.33 -999 526 0.254 2.68 7
196.0497 379 -3.89 -7.67 28.3 13.67 4.33 -999 526 0.254 2.68 7
228.719 300 -3.89 -7.67 28.3 13.67 4.33 -999 526 0.254 2.68 7
223.0542 35 -3.89 -7.67 28.3 13.67 4.33 -999 526 0.254 2.68 7
225.2842 40 -3.89 -7.67 28.3 13.67 4.33 -999 526 0.254 2.68 7
153.2045 280 -3.89 -7.67 28.3 13.67 4.33 -999 526 0.254 2.68 7
168.1097 273 -3.89 -7.67 28.3 13.67 4.33 -999 526 0.254 2.68 7
234.4236 459 -3.89 -7.67 28.3 13.67 4.33 -999 526 0.254 2.68 7
174.8915 81 -3.89 -7.67 28.3 13.67 4.33 -999 526 0.254 2.68 7
259.5416 152 -3.89 -7.67 28.3 13.67 4.33 -999 526 0.254 2.68 7
93.62799 91 -3.89 -7.67 28.3 13.67 4.33 -999 526 0.254 2.68 7
242.0324 32 -3.89 -7.67 28.3 13.67 4.33 -999 526 0.254 2.68 7
205.612 204 -3.89 -7.67 28.3 13.67 4.33 -999 526 0.254 2.68 7
193.1418 73 -3.89 -7.67 28.3 13.67 4.33 -999 526 0.254 2.68 7
227.6257 325 -3.89 -7.67 28.3 13.67 4.33 -999 526 0.254 2.68 7
192.3034 76 -3.89 -7.67 28.3 13.67 4.33 -999 526 0.254 2.68 7
205.68 442 -3.89 -7.67 28.3 13.67 4.33 -999 526 0.254 2.68 7
180.0673 377 -3.89 -7.67 28.3 13.67 4.33 -999 526 0.254 2.68 7
185.2704 48 -3.89 -7.67 28.3 13.67 4.33 -999 526 0.254 2.68 7
167.5894 96 -3.89 -7.67 28.3 13.67 4.33 -999 526 0.254 2.68 7
238.1784 113 -3.89 -7.67 28.3 13.67 4.33 -999 526 0.254 2.68 7
148.5045 6 -3.89 -7.67 28.3 13.67 4.33 -999 526 0.254 2.68 7
204.2865 124 -3.89 -7.67 28.3 13.67 4.33 -999 526 0.254 2.68 7
182.2426 89 -3.89 -7.67 28.3 13.67 4.33 -999 526 0.254 2.68 7
225.3484 247 -3.89 -7.67 28.3 13.67 4.33 -999 526 0.254 2.68 7
199.1201 214 -3.89 -7.67 28.3 13.67 4.33 -999 526 0.254 2.68 7
250.5939 236 -3.89 -7.67 28.3 13.67 4.33 -999 526 0.254 2.68 7
194.5032 66 -3.89 -7.67 28.3 13.67 4.33 -999 526 0.254 2.68 7
282.4446 144 -3.89 -7.67 28.3 13.67 4.33 -999 526 0.254 2.68 7
197.4509 202 -3.89 -7.67 28.3 13.67 4.33 -999 526 0.254 2.68 7
217.8482 145 -3.89 -7.67 28.3 13.67 4.33 -999 526 0.254 2.68 7
163.2426 127 -3.89 -7.67 28.3 13.67 4.33 -999 526 0.254 2.68 7
191.8351 87 -3.89 -7.67 28.3 13.67 4.33 -999 526 0.254 2.68 7
236.2845 114 -3.89 -7.67 28.3 13.67 4.33 -999 526 0.254 2.68 7
159.2508 179 -3.89 -7.67 28.3 13.67 4.33 -999 526 0.254 2.68 7
175.8488 119 -3.89 -7.67 28.3 13.67 4.33 -999 526 0.254 2.68 7
196.3556 45 -3.89 -7.67 28.3 13.67 4.33 -999 526 0.254 2.68 7
216.4659 322 -3.89 -7.67 28.3 13.67 4.33 -999 526 0.254 2.68 7
267.9709 162 -3.89 -7.67 28.3 13.67 4.33 -999 526 0.254 2.68 7
151.3162 85 -3.89 -7.67 28.3 13.67 4.33 -999 526 0.254 2.68 7
228.6718 441 -3.89 -7.67 28.3 13.67 4.33 -999 526 0.254 2.68 7
210.0363 437 -3.89 -7.67 28.3 13.67 4.33 -999 526 0.254 2.68 7
189.6824 76 -3.89 -7.67 28.3 13.67 4.33 -999 526 0.254 2.68 7
129.3639 6 -3.89 -7.67 28.3 13.67 4.33 -999 526 0.254 2.68 7
240.7342 298 -3.89 -7.67 28.3 13.67 4.33 -999 526 0.254 2.68 7
137.6563 0 -3.89 -7.67 28.3 13.67 4.33 -999 526 0.254 2.68 7
199.307 131 -3.89 -7.67 28.3 13.67 4.33 -999 526 0.254 2.68 7
162.8649 349 -3.89 -7.67 28.3 13.67 4.33 -999 526 0.254 2.68 7
212.9027 82 -3.89 -7.67 28.3 13.67 4.33 -999 526 0.254 2.68 7
216.9852 393 -3.89 -7.67 28.3 13.67 4.33 -999 526 0.254 2.68 7
224.6611 257 -3.89 -7.67 28.3 13.67 4.33 -999 526 0.254 2.68 7
202.6285 129 -3.89 -7.67 28.3 13.67 4.33 -999 526 0.254 2.68 7
238.9583 244 -3.89 -7.67 28.3 13.67 4.33 -999 526 0.254 2.68 7
182.422 192 -3.89 -7.67 28.3 13.67 4.33 -999 526 0.254 2.68 7
225.3645 372 -3.89 -7.67 28.3 13.67 4.33 -999 526 0.254 2.68 7
147.3017 74 -3.89 -7.67 28.3 13.67 4.33 -999 526 0.254 2.68 7
225.3749 166 -3.89 -7.67 28.3 13.67 4.33 -999 526 0.254 2.68 7
220.1443 298 -3.89 -7.67 28.3 13.67 4.33 -999 526 0.254 2.68 7
178.6737 106 -3.89 -7.67 28.3 13.67 4.33 -999 526 0.254 2.68 7
212.2022 42 -3.89 -7.67 28.3 13.67 4.33 -999 526 0.254 2.68 7
204.9256 178 -3.89 -7.67 28.3 13.67 4.33 -999 526 0.254 2.68 7
166.2743 429 -3.89 -7.67 28.3 13.67 4.33 -999 526 0.254 2.68 7
241.7312 327 -3.89 -7.67 28.3 13.67 4.33 -999 526 0.254 2.68 7
106.6166 159 -3.89 -7.67 28.3 13.67 4.33 -999 526 0.254 2.68 7
183.4228 86 -3.89 -7.67 28.3 13.67 4.33 -999 526 0.254 2.68 7
192.7641 278 -3.89 -7.67 28.3 13.67 4.33 -999 526 0.254 2.68 7
219.2738 302 -3.89 -7.67 28.3 13.67 4.33 -999 526 0.254 2.68 7
148.8727 229 -3.89 -7.67 28.3 13.67 4.33 -999 526 0.254 2.68 7
154.6849 29 -3.89 -7.67 28.3 13.67 4.33 -999 526 0.254 2.68 7
178.7152 69 -3.89 -7.67 28.3 13.67 4.33 -999 526 0.254 2.68 7
155.0937 216 -3.89 -7.67 28.3 13.67 4.33 -999 526 0.254 2.68 7
186.3477 337 -3.89 -7.67 28.3 13.67 4.33 -999 526 0.254 2.68 7
184.5803 136 -3.89 -7.67 28.3 13.67 4.33 -999 526 0.254 2.68 7
172.8162 133 -3.89 -7.67 28.3 13.67 4.33 -999 526 0.254 2.68 7
184.8956 304 -3.89 -7.67 28.3 13.67 4.33 -999 526 0.254 2.68 7
191.4348 456 -3.89 -7.67 28.3 13.67 4.33 -999 526 0.254 2.68 7
153.72 25 -3.89 -7.67 28.3 13.67 4.33 -999 526 0.254 2.68 7
224.2485 1 -3.89 -7.67 28.3 13.67 4.33 -999 526 0.254 2.68 7
208.7617 398 -3.89 -7.67 28.3 13.67 4.33 -999 526 0.254 2.68 7
191.9352 181 -3.89 -7.67 28.3 13.67 4.33 -999 526 0.254 2.68 7
186.0125 79 -3.89 -7.67 28.3 13.67 4.33 -999 526 0.254 2.68 7
189.6824 99 -3.89 -7.67 28.3 13.67 4.33 -999 526 0.254 2.68 7
194.9895 427 -3.89 -7.67 28.3 13.67 4.33 -999 526 0.254 2.68 7
253.5028 299 -3.89 -7.67 28.3 13.67 4.33 -999 526 0.254 2.68 7
227.5662 324 -3.89 -7.67 28.3 13.67 4.33 -999 526 0.254 2.68 7
144.1312 117 -3.89 -7.67 28.3 13.67 4.33 -999 526 0.254 2.68 7
196.0082 283 -3.89 -7.67 28.3 13.67 4.33 -999 526 0.254 2.68 7
204.8038 219 -3.89 -7.67 28.3 13.67 4.33 -999 526 0.254 2.68 7
183.7117 55 -3.89 -7.67 28.3 13.67 4.33 -999 526 0.254 2.68 7
231.2475 165 -3.89 -7.67 28.3 13.67 4.33 -999 526 0.254 2.68 7
219.8847 151 -3.89 -7.67 28.3 13.67 4.33 -999 526 0.254 2.68 7
158.2764 119 -3.89 -7.67 28.3 13.67 4.33 -999 526 0.254 2.68 7
203.7086 167 -3.89 -7.67 28.3 13.67 4.33 -999 526 0.254 2.68 7
150.0227 85 -3.89 -7.67 28.3 13.67 4.33 -999 526 0.254 2.68 7
218.2862 132 -3.89 -7.67 28.3 13.67 4.33 -999 526 0.254 2.68 7
231.8602 252 -3.89 -7.67 28.3 13.67 4.33 -999 526 0.254 2.68 7
211.4686 309 -3.89 -7.67 28.3 13.67 4.33 -999 526 0.254 2.68 7
216.8851 437 -3.89 -7.67 28.3 13.67 4.33 -999 526 0.254 2.68 7
138.6306 77 -3.89 -7.67 28.3 13.67 4.33 -999 526 0.254 2.68 7
200.3097 335 -3.89 -7.67 28.3 13.67 4.33 -999 526 0.254 2.68 7
184.6388 185 -3.89 -7.67 28.3 13.67 4.33 -999 526 0.254 2.68 7
201.1595 424 -3.89 -7.67 28.3 13.67 4.33 -999 526 0.254 2.68 7
187.9603 88 -3.89 -7.67 28.3 13.67 4.33 -999 526 0.254 2.68 7
187.3485 15 -3.89 -7.67 28.3 13.67 4.33 -999 526 0.254 2.68 7
156.7752 75 -3.89 -7.67 28.3 13.67 4.33 -999 526 0.254 2.68 7
214.9676 232 -3.89 -7.67 28.3 13.67 4.33 -999 526 0.254 2.68 7
166.0137 80 -3.89 -7.67 28.3 13.67 4.33 -999 526 0.254 2.68 7
205.089 268 -3.89 -7.67 28.3 13.67 4.33 -999 526 0.254 2.68 7
199.8188 116 -3.89 -7.67 28.3 13.67 4.33 -999 526 0.254 2.68 7
177.0158 344 -3.89 -7.67 28.3 13.67 4.33 -999 526 0.254 2.68 7
206.0851 101 -3.89 -7.67 28.3 13.67 4.33 -999 526 0.254 2.68 7
221.0186 194 -3.89 -7.67 28.3 13.67 4.33 -999 526 0.254 2.68 7
206.5694 392 -3.89 -7.67 28.3 13.67 4.33 -999 526 0.254 2.68 7
228.6388 406 -3.89 -7.67 28.3 13.67 4.33 -999 526 0.254 2.68 7
210.8275 125 -3.89 -7.67 28.3 13.67 4.33 -999 526 0.254 2.68 7
176.9403 452 -3.89 -7.67 28.3 13.67 4.33 -999 526 0.254 2.68 7
220.4861 37 -3.89 -7.67 28.3 13.67 4.33 -999 526 0.254 2.68 7
173.0277 256 -3.89 -7.67 28.3 13.67 4.33 -999 526 0.254 2.68 7
202.4435 458 -3.89 -7.67 28.3 13.67 4.33 -999 526 0.254 2.68 7
166.6075 292 -3.89 -7.67 28.3 13.67 4.33 -999 526 0.254 2.68 7
186.0871 137 -3.89 -7.67 28.3 13.67 4.33 -999 526 0.254 2.68 7
207.8119 276 -3.89 -7.67 28.3 13.67 4.33 -999 526 0.254 2.68 7
228.6718 380 -3.89 -7.67 28.3 13.67 4.33 -999 526 0.254 2.68 7
173.6848 8 -3.89 -7.67 28.3 13.67 4.33 -999 526 0.254 2.68 7
162.8725 241 -3.89 -7.67 28.3 13.67 4.33 -999 526 0.254 2.68 7
210.7671 153 -3.89 -7.67 28.3 13.67 4.33 -999 526 0.254 2.68 7
233.6144 83 -3.89 -7.67 28.3 13.67 4.33 -999 526 0.254 2.68 7
186.1636 122 -3.89 -7.67 28.3 13.67 4.33 -999 526 0.254 2.68 7
209.2961 399 -3.89 -7.67 28.3 13.67 4.33 -999 526 0.254 2.68 7
209.6709 261 -3.89 -7.67 28.3 13.67 4.33 -999 526 0.254 2.68 7
229.2308 331 -3.89 -7.67 28.3 13.67 4.33 -999 526 0.254 2.68 7
178.7606 203 -3.89 -7.67 28.3 13.67 4.33 -999 526 0.254 2.68 7
185.717 22 -3.89 -7.67 28.3 13.67 4.33 -999 526 0.254 2.68 7
233.8136 135 -3.89 -7.67 28.3 13.67 4.33 -999 526 0.254 2.68 7
193.8631 186 -3.89 -7.67 28.3 13.67 4.33 -999 526 0.254 2.68 7
222.7464 266 -3.89 -7.67 28.3 13.67 4.33 -999 526 0.254 2.68 7
193.3873 420 -3.89 -7.67 28.3 13.67 4.33 -999 526 0.254 2.68 7
189.3463 353 -3.89 -7.67 28.3 13.67 4.33 -999 526 0.254 2.68 7
229.3138 326 -3.89 -7.67 28.3 13.67 4.33 -999 526 0.254 2.68 7
165.6407 404 -3.89 -7.67 28.3 13.67 4.33 -999 526 0.254 2.68 7
209.3886 163 -3.89 -7.67 28.3 13.67 4.33 -999 526 0.254 2.68 7
188.3569 87 -3.89 -7.67 28.3 13.67 4.33 -999 526 0.254 2.68 7
126.9667 94 -3.89 -7.67 28.3 13.67 4.33 -999 526 0.254 2.68 7
201.3672 288 -3.89 -7.67 28.3 13.67 4.33 -999 526 0.254 2.68 7
197.8549 397 -3.89 -7.67 28.3 13.67 4.33 -999 526 0.254 2.68 7
243.5751 149 -3.89 -7.67 28.3 13.67 4.33 -999 526 0.254 2.68 7
183.8892 218 -3.89 -7.67 28.3 13.67 4.33 -999 526 0.254 2.68 7
199.0446 223 -3.89 -7.67 28.3 13.67 4.33 -999 526 0.254 2.68 7
191.6236 253 -3.89 -7.67 28.3 13.67 4.33 -999 526 0.254 2.68 7
192.6376 315 -3.89 -7.67 28.3 13.67 4.33 -999 526 0.254 2.68 7
194.3153 62 -3.89 -7.67 28.3 13.67 4.33 -999 526 0.254 2.68 7
213.2369 338 -3.89 -7.67 28.3 13.67 4.33 -999 526 0.254 2.68 7
206.5146 7 -3.89 -7.67 28.3 13.67 4.33 -999 526 0.254 2.68 7
148.5357 423 -3.89 -7.67 28.3 13.67 4.33 -999 526 0.254 2.68 7
232.1793 201 -3.89 -7.67 28.3 13.67 4.33 -999 526 0.254 2.68 7
187.0341 71 -3.89 -7.67 28.3 13.67 4.33 -999 526 0.254 2.68 7
186.3175 418 -3.89 -7.67 28.3 13.67 4.33 -999 526 0.254 2.68 7
160.3913 26 -3.89 -7.67 28.3 13.67 4.33 -999 526 0.254 2.68 7
158.3897 52 -3.89 -7.67 28.3 13.67 4.33 -999 526 0.254 2.68 7
189.6928 98 -3.89 -7.67 28.3 13.67 4.33 -999 526 0.254 2.68 7
155.0399 58 -3.89 -7.67 28.3 13.67 4.33 -999 526 0.254 2.68 7
188.3663 357 -3.89 -7.67 28.3 13.67 4.33 -999 526 0.254 2.68 7
189.3652 9 -3.89 -7.67 28.3 13.67 4.33 -999 526 0.254 2.68 7
184.4783 290 -3.89 -7.67 28.3 13.67 4.33 -999 526 0.254 2.68 7
190.7134 318 -3.89 -7.67 28.3 13.67 4.33 -999 526 0.254 2.68 7
208.453 291 -3.89 -7.67 28.3 13.67 4.33 -999 526 0.254 2.68 7
221.1564 274 -3.89 -7.67 28.3 13.67 4.33 -999 526 0.254 2.68 7
165.9693 66 -3.89 -7.67 28.3 13.67 4.33 -999 526 0.254 2.68 7
174.713 57 -3.89 -7.67 28.3 13.67 4.33 -999 526 0.254 2.68 7
188.1869 82 -3.89 -7.67 28.3 13.67 4.33 -999 526 0.254 2.68 7
172.6425 120 -3.89 -7.67 28.3 13.67 4.33 -999 526 0.254 2.68 7
228.0185 434 -3.89 -7.67 28.3 13.67 4.33 -999 526 0.254 2.68 7
206.8356 9 -3.89 -7.67 28.3 13.67 4.33 -999 526 0.254 2.68 7
183.8561 213 -3.89 -7.67 28.3 13.67 4.33 -999 526 0.254 2.68 7
217.9029 295 -3.89 -7.67 28.3 13.67 4.33 -999 526 0.254 2.68 7
188.5079 157 -3.89 -7.67 28.3 13.67 4.33 -999 526 0.254 2.68 7
190.5019 411 -3.89 -7.67 28.3 13.67 4.33 -999 526 0.254 2.68 7
245.1811 207 -3.89 -7.67 28.3 13.67 4.33 -999 526 0.254 2.68 7
84.54154 224 -3.89 -7.67 28.3 13.67 4.33 -999 526 0.254 2.68 7
225.4929 254 -3.89 -7.67 28.3 13.67 4.33 -999 526 0.254 2.68 7
210.9653 41 -3.89 -7.67 28.3 13.67 4.33 -999 526 0.254 2.68 7
148.6612 112 -3.89 -7.67 28.3 13.67 4.33 -999 526 0.254 2.68 7
262.0823 265 -3.89 -7.67 28.3 13.67 4.33 -999 526 0.254 2.68 7
95.3926 104 -3.89 -7.67 28.3 13.67 4.33 -999 526 0.254 2.68 7
189.2066 445 -3.89 -7.67 28.3 13.67 4.33 -999 526 0.254 2.68 7
196.0601 116 -3.89 -7.67 28.3 13.67 4.33 -999 526 0.254 2.68 7
103.4934 0 -3.89 -7.67 28.3 13.67 4.33 -999 526 0.254 2.68 7
184.4774 89 -3.89 -7.67 28.3 13.67 4.33 -999 526 0.254 2.68 7
215.2706 114 -3.89 -7.67 28.3 13.67 4.33 -999 526 0.254 2.68 7
139.0914 224 -3.89 -7.67 28.3 13.67 4.33 -999 526 0.254 2.68 7
228.0223 303 -3.89 -7.67 28.3 13.67 4.33 -999 526 0.254 2.68 7
176.5022 425 -3.89 -7.67 28.3 13.67 4.33 -999 526 0.254 2.68 7
242.9076 35 -3.89 -7.67 28.3 13.67 4.33 -999 526 0.254 2.68 7
205.1305 324 -3.89 -7.67 28.3 13.67 4.33 -999 526 0.254 2.68 7
217.0305 38 -3.89 -7.67 28.3 13.67 4.33 -999 526 0.254 2.68 7
221.7975 163 -3.89 -7.67 28.3 13.67 4.33 -999 526 0.254 2.68 7
180.7924 101 -3.89 -7.67 28.3 13.67 4.33 -999 526 0.254 2.68 7
157.7571 84 -3.89 -7.67 28.3 13.67 4.33 -999 526 0.254 2.68 7
225.779 231 -3.89 -7.67 28.3 13.67 4.33 -999 526 0.254 2.68 7
177.333 79 -3.89 -7.67 28.3 13.67 4.33 -999 526 0.254 2.68 7
193.4722 337 -3.89 -7.67 28.3 13.67 4.33 -999 526 0.254 2.68 7
199.8471 54 -3.89 -7.67 28.3 13.67 4.33 -999 526 0.254 2.68 7
202.7267 134 -3.89 -7.67 28.3 13.67 4.33 -999 526 0.254 2.68 7
201.8204 14 -3.89 -7.67 28.3 13.67 4.33 -999 526 0.254 2.68 7
207.4965 239 -3.89 -7.67 28.3 13.67 4.33 -999 526 0.254 2.68 7
202.5757 397 -3.89 -7.67 28.3 13.67 4.33 -999 526 0.254 2.68 7
202.0233 110 -3.89 -7.67 28.3 13.67 4.33 -999 526 0.254 2.68 7
266.8389 144 -3.89 -7.67 28.3 13.67 4.33 -999 526 0.254 2.68 7
192.6376 193 -3.89 -7.67 28.3 13.67 4.33 -999 526 0.254 2.68 7
206.5316 399 -3.89 -7.67 28.3 13.67 4.33 -999 526 0.254 2.68 7
218.5138 299 -3.89 -7.67 28.3 13.67 4.33 -999 526 0.254 2.68 7
225.034 406 -3.89 -7.67 28.3 13.67 4.33 -999 526 0.254 2.68 7
202.6361 338 -3.89 -7.67 28.3 13.67 4.33 -999 526 0.254 2.68 7
201.7071 350 -3.89 -7.67 28.3 13.67 4.33 -999 526 0.254 2.68 7
228.0185 325 -3.89 -7.67 28.3 13.67 4.33 -999 526 0.254 2.68 7
174.5346 330 -3.89 -7.67 28.3 13.67 4.33 -999 526 0.254 2.68 7
180.0994 71 -3.89 -7.67 28.3 13.67 4.33 -999 526 0.254 2.68 7
197.9692 297 -3.89 -7.67 28.3 13.67 4.33 -999 526 0.254 2.68 7
227.926 40 -3.89 -7.67 28.3 13.67 4.33 -999 526 0.254 2.68 7
182.8072 455 -3.89 -7.67 28.3 13.67 4.33 -999 526 0.254 2.68 7
261.4336 300 -3.89 -7.67 28.3 13.67 4.33 -999 526 0.254 2.68 7
160.7992 43 -3.89 -7.67 28.3 13.67 4.33 -999 526 0.254 2.68 7
199.494 62 -3.89 -7.67 28.3 13.67 4.33 -999 526 0.254 2.68 7
197.4697 10 -3.89 -7.67 28.3 13.67 4.33 -999 526 0.254 2.68 7
148.1174 123 -3.89 -7.67 28.3 13.67 4.33 -999 526 0.254 2.68 7
206.9253 212 -3.89 -7.67 28.3 13.67 4.33 -999 526 0.254 2.68 7
200.7912 392 -3.89 -7.67 28.3 13.67 4.33 -999 526 0.254 2.68 7
177.6408 221 -3.89 -7.67 28.3 13.67 4.33 -999 526 0.254 2.68 7
205.6857 130 -3.89 -7.67 28.3 13.67 4.33 -999 526 0.254 2.68 7
191.8351 86 -3.89 -7.67 28.3 13.67 4.33 -999 526 0.254 2.68 7
257.8251 36 -3.89 -7.67 28.3 13.67 4.33 -999 526 0.254 2.68 7
237.1389 39 -3.89 -7.67 28.3 13.67 4.33 -999 526 0.254 2.68 7
183.2018 83 -3.89 -7.67 28.3 13.67 4.33 -999 526 0.254 2.68 7
197.2696 435 -3.89 -7.67 28.3 13.67 4.33 -999 526 0.254 2.68 7
210.4083 396 -3.89 -7.67 28.3 13.67 4.33 -999 526 0.254 2.68 7
150.0038 286 -3.89 -7.67 28.3 13.67 4.33 -999 526 0.254 2.68 7
210.0278 72 -3.89 -7.67 28.3 13.67 4.33 -999 526 0.254 2.68 7
211.1494 126 -3.89 -7.67 28.3 13.67 4.33 -999 526 0.254 2.68 7
179.2336 74 -3.89 -7.67 28.3 13.67 4.33 -999 526 0.254 2.68 7
218.1654 264 -3.89 -7.67 28.3 13.67 4.33 -999 526 0.254 2.68 7
146.535 177 -3.89 -7.67 28.3 13.67 4.33 -999 526 0.254 2.68 7
126.4965 281 -3.89 -7.67 28.3 13.67 4.33 -999 526 0.254 2.68 7
227.6087 1 -3.89 -7.67 28.3 13.67 4.33 -999 526 0.254 2.68 7
207.9818 28 -3.89 -7.67 28.3 13.67 4.33 -999 526 0.254 2.68 7
181.6629 393 -3.89 -7.67 28.3 13.67 4.33 -999 526 0.254 2.68 7
146.0063 93 -3.89 -7.67 28.3 13.67 4.33 -999 526 0.254 2.68 7
175.1001 120 -3.89 -7.67 28.3 13.67 4.33 -999 526 0.254 2.68 7
112.4759 412 -3.89 -7.67 28.3 13.67 4.33 -999 526 0.254 2.68 7
230.6508 36 -3.89 -7.67 28.3 13.67 4.33 -999 526 0.254 2.68 7
158.3104 395 -3.89 -7.67 28.3 13.67 4.33 -999 526 0.254 2.68 7
173.345 211 -3.89 -7.67 28.3 13.67 4.33 -999 526 0.254 2.68 7
209.0827 109 -3.89 -7.67 28.3 13.67 4.33 -999 526 0.254 2.68 7
244.2965 135 -3.89 -7.67 28.3 13.67 4.33 -999 526 0.254 2.68 7
199.0257 448 -3.89 -7.67 28.3 13.67 4.33 -999 526 0.254 2.68 7
166.5075 328 -3.89 -7.67 28.3 13.67 4.33 -999 526 0.254 2.68 7
234.2649 138 -3.89 -7.67 28.3 13.67 4.33 -999 526 0.254 2.68 7
196.5681 439 -3.89 -7.67 28.3 13.67 4.33 -999 526 0.254 2.68 7
163.1539 47 -3.89 -7.67 28.3 13.67 4.33 -999 526 0.254 2.68 7
200.2984 81 -3.89 -7.67 28.3 13.67 4.33 -999 526 0.254 2.68 7
204.582 436 -3.89 -7.67 28.3 13.67 4.33 -999 526 0.254 2.68 7
165.0346 95 -3.89 -7.67 28.3 13.67 4.33 -999 526 0.254 2.68 7
216.9097 421 -3.89 -7.67 28.3 13.67 4.33 -999 526 0.254 2.68 7
199.933 97 -3.89 -7.67 28.3 13.67 4.33 -999 526 0.254 2.68 7
218.7205 105 -3.89 -7.67 28.3 13.67 4.33 -999 526 0.254 2.68 7
200.6496 352 -3.89 -7.67 28.3 13.67 4.33 -999 526 0.254 2.68 7
183.5417 222 -3.89 -7.67 28.3 13.67 4.33 -999 526 0.254 2.68 7
204.0712 228 -3.89 -7.67 28.3 13.67 4.33 -999 526 0.254 2.68 7
192.0249 96 -3.89 -7.67 28.3 13.67 4.33 -999 526 0.254 2.68 7
159.3905 134 -3.89 -7.67 28.3 13.67 4.33 -999 526 0.254 2.68 7
208.8448 149 -3.89 -7.67 28.3 13.67 4.33 -999 526 0.254 2.68 7
186.7877 129 -3.89 -7.67 28.3 13.67 4.33 -999 526 0.254 2.68 7
