0 0 0 0 0 0 0 0 0 0 0 0 0 0 121 0 0 0 0 0 0 0 0 0 0 0 0 0 0 0 0 0 0 0 823 0 0 0 0 0 0 0 0 0 0 0 0 0 0 23 0 0 0 0 0 0 0 0 967
7 9 8 10 7 13 10 8 15 7 5 7 12 6 278 8 9 9 19 8 8 11 16 11 2 12 11 9 2 10 10 9 7 11 0 7 8 2 7 9 10 12 9 6 5 11 9 13 17 7 7 6 7 3 14 15 12 10 10 10 8 6 3 8 11 10 9 7 8 10 6 13 10 6 11 5 5 5 11 5 967
2 1 2 4 318 5 4 1 1 3 1 3 0 2 0 1 1 4 26 5 1 4 2 2 5 6 2 2 265 0 1 2 1 2 2 2 1 1 1 3 6 4 1 2 1 4 2 2 1 2 2 1 6 0 0 5 2 26 88 5 1 4 2 1 0 3 1 0 2 3 0 4 2 4 2 0 1 2 3 1 2 1 2 3 1 2 2 2 3 3 0 2 1 1 3 2 1 0 0 3 3 0 2 1 6 3 3 1 2 3 2 0 2 2 2 1 1 1 3 0 4 4 2 967
0 0 0 0 332 0 0 33 0 0 0 0 0 0 0 58 0 0 0 0 0 0 0 0 0 0 0 0 181 0 0 0 0 0 2 0 0 0 0 0 0 0 160 0 0 0 0 0 0 0 0 0 0 0 0 0 0 73 126 0 0 0 0 0 0 0 0 0 2 0 0 0 0 0 0 0 0 0 0 0 0 0 0 0 0 0 0 0 0 0 0 0 0 0 0 0 0 0 0 0 0 0 0 0 0 0 0 0 0 0 0 0 0 0 0 0 0 0 0 0 0 0 0 0 0 0 0 0 0 0 0 0 0 0 0 0 0 0 0 0 0 0 967
0 0 0 0 165 0 0 0 0 0 0 0 0 0 0 0 0 0 0 0 0 0 0 0 0 0 0 0 0 0 0 0 0 0 2 0 0 0 0 0 0 0 372 0 0 0 0 0 0 0 0 0 0 0 0 0 0 0 428 0 0 0 0 0 0 0 0 0 0 0 0 0 0 0 0 0 0 0 0 0 0 0 0 0 967
0 0 0 0 0 0 0 0 0 0 0 0 0 0 0 0 0 0 0 0 0 0 0 0 0 0 0 0 0 0 0 0 0 2 0 0 0 0 0 0 0 0 0 0 0 0 0 0 0 0 0 0 0 0 2 0 0 2 961 0 0 0 0 0 0 0 0 0 0 0 0 0 0 0 0 0 0 0 0 0 0 0 0 967
0 0 0 0 0 0 0 0 0 0 0 0 0 0 0 0 0 0 0 0 0 0 0 0 0 0 0 0 0 0 0 0 0 0 0 0 0 0 0 0 0 0 0 0 0 0 0 0 0 0 0 0 0 0 2 0 0 5 960 0 0 0 0 0 0 0 0 0 0 0 0 0 0 0 0 0 0 0 0 0 967
0 0 0 0 0 0 0 0 0 0 0 0 0 0 0 0 0 0 0 0 0 0 0 0 0 0 0 0 0 0 0 0 0 0 0 0 0 0 0 0 0 0 0 0 0 0 0 0 0 0 0 0 0 0 2 0 0 5 960 0 0 0 0 0 0 0 0 0 0 0 0 0 0 0 0 0 0 0 0 0 0 0 0 0 967
14 11 20 12 9 10 15 12 9 14 11 11 11 18 11 18 9 9 9 10 10 17 13 14 13 13 14 6 16 14 14 11 12 11 9 18 16 16 14 16 14 14 12 10 13 11 12 14 12 9 14 7 14 12 12 11 15 22 0 13 10 16 11 11 12 17 13 11 13 10 12 12 12 13 16 10 10 7 967
0 0 0 0 0 0 0 0 0 0 0 183 0 15 0 0 0 0 0 0 0 0 0 0 0 0 0 0 0 0 0 0 0 0 0 0 0 0 0 0 0 0 0 0 0 44 0 0 0 0 0 0 0 0 0 0 0 493 0 0 0 0 0 0 0 0 0 0 0 0 0 0 0 0 0 0 0 232 0 0 0 0 0 0 0 0 0 0 0 0 0 0 0 0 0 0 0 0 0 0 0 0 0 0 0 0 0 0 0 0 0 0 0 0 0 967
