471
2
1
1
Pedi
RelativeHumidity_max
0
363
160.7307 38 -999
136.9986 285 -999
113.4306 158 -999
118.3258 278 -999
112.0987 185 -999
165.9415 12 -999
228.4541 141 -999
157.1632 74 -999
135.1249 88 -999
83.85339 320 -999
134.4042 215 -999
98.85874 84 -999
149.8788 148 -999
153.8092 216 -999
129.0777 28 -999
143.3603 243 -999
139.9075 262 -999
160.6455 245 -999
93.31971 30 -999
171.9718 138 -999
130.5769 6 -999
144.2177 86 -999
157.2442 246 -999
112.366 94 -999
162.4108 85 -999
132.7157 272 -999
96.53161 344 -999
92.23821 111 -999
135.3984 347 -999
126.2961 0 -999
101.0228 200 -999
174.3 108 -999
96.6305 296 -999
111.3855 9 -999
148.4596 236 -999
87.95112 22 -999
80.13125 206 -999
113.6526 44 -999
187.9292 114 -999
175.5256 130 -999
135.3984 351 -999
140.9574 119 -999
156.2163 235 -999
151.6462 113 -999
86.12897 146 -999
162.8421 116 -999
144.3892 188 -999
183.1477 318 -999
158.939 221 -999
143.2951 58 -999
147.9094 283 -999
101.7961 42 -999
137.8602 361 -999
148.4175 40 -999
51.62184 70 -999
156.6077 11 -999
113.3181 157 -999
117.5347 139 -999
114.5974 66 -999
114.0124 201 -999
173.2637 112 -999
108.4387 244 -999
137.5004 355 -999
43.61155 199 -999
132.7725 234 -999
142.1694 357 -999
123.2694 171 -999
116.8351 203 -999
155.9396 97 -999
144.6964 66 -999
187.7946 287 -999
145.0752 91 -999
135.531 133 -999
127.1041 47 -999
128.4486 29 -999
123.0979 102 -999
145.4476 111 -999
170.3053 104 -999
109.6759 150 -999
134.2359 212 -999
98.31483 254 -999
144.3892 349 -999
168.7304 99 -999
138.9091 79 -999
130.4791 10 -999
164.6369 135 -999
141.3067 228 -999
65.88443 198 -999
175.9359 126 -999
154.9286 17 -999
110.6248 89 -999
60.68627 101 -999
143.5497 293 -999
115.216 138 -999
164.9588 85 -999
115.9955 129 -999
117.1496 126 -999
153.6115 95 -999
124.4571 327 -999
159.1273 236 -999
128.0509 184 -999
168.5895 226 -999
151.3874 213 -999
171.8824 269 -999
139.4046 118 -999
126.5171 261 -999
102.9133 268 -999
166.8241 103 -999
141.9969 33 -999
49.85229 195 -999
69.89694 77 -999
174.7681 225 -999
122.1058 241 -999
79.34537 54 -999
156.1785 308 -999
141.0932 211 -999
100.6241 232 -999
145.9989 83 -999
92.01623 91 -999
134.6452 237 -999
134.3106 294 -999
77.06664 314 -999
176.5987 240 -999
74.49754 3 -999
37.81898 297 -999
36.23249 23 -999
69.01427 293 -999
79.15601 266 -999
110.2335 313 -999
42.31753 50 -999
51.89116 170 -999
172.9291 34 -999
140.6787 98 -999
186.853 292 -999
154.4994 97 -999
122.3983 340 -999
156.9864 102 -999
184.4775 247 -999
175.0227 191 -999
190.0786 39 -999
107.3004 186 -999
167.2218 258 -999
191.7355 194 -999
147.013 20 -999
163.6827 143 -999
167.3259 172 -999
46.28165 2 -999
169.7457 142 -999
27.75405 310 -999
108.0757 156 -999
136.9681 264 -999
133.9866 284 -999
148.4596 287 -999
166.9514 131 -999
129.4144 15 -999
180.7522 125 -999
80.32273 305 -999
137.1659 298 -999
182.5007 220 -999
148.4438 90 -999
173.7666 259 -999
159.3157 95 -999
175.4414 255 -999
118.794 8 -999
125.8511 267 -999
123.9227 231 -999
109.6254 205 -999
87.59868 265 -999
128.1393 362 -999
91.44391 123 -999
97.97607 96 -999
50.46353 181 -999
59.2092 90 -999
57.16823 68 -999
51.33252 309 -999
76.65634 353 -999
79.17389 329 -999
143.8695 178 -999
131.853 196 -999
131.2039 140 -999
136.5788 73 -999
120.9359 210 -999
109.2151 92 -999
53.71436 325 -999
98.3264 118 -999
106.5513 248 -999
59.16291 202 -999
116.8677 324 -999
151.0213 19 -999
138.7439 218 -999
131.2039 223 -999
151.3054 96 -999
148.6353 60 -999
153.1822 132 -999
104.6513 4 -999
51.80489 123 -999
124.9358 128 -999
140.1263 75 -999
136.0549 167 -999
147.5811 207 -999
136.9765 339 -999
166.5075 273 -999
162.9915 62 -999
102.4746 72 -999
97.32485 13 -999
103.0259 98 -999
58.53378 49 -999
120.9359 257 -999
91.20299 289 -999
108.4923 109 -999
79.4611 13 -999
168.7462 291 -999
153.8545 160 -999
75.23923 295 -999
161.5902 301 -999
72.30087 231 -999
125.1936 71 -999
137.8749 57 -999
93.89729 48 -999
111.4812 323 -999
99.06494 253 -999
51.39459 304 -999
134.9955 175 -999
141.0584 222 -999
175.8097 227 -999
124.2509 215 -999
53.68174 333 -999
171.6435 127 -999
127.5291 270 -999
147.0288 7 -999
158.2384 136 -999
140.7912 219 -999
119.8576 163 -999
139.735 251 -999
130.8904 271 -999
144.0463 330 -999
137.3026 326 -999
139.1732 1 -999
156.2321 37 -999
116.4458 113 -999
125.2672 107 -999
121.0696 64 -999
130.5769 281 -999
167.2218 69 -999
126.0857 46 -999
89.04314 334 -999
58.32548 204 -999
144.93 274 -999
120.9012 56 -999
129.023 72 -999
109.5444 25 -999
141.6855 130 -999
159.9437 122 -999
129.7931 64 -999
118.9234 295 -999
173.411 290 -999
65.72663 337 -999
148.9951 103 -999
122.6792 173 -999
120.472 136 -999
91.02309 144 -999
84.65295 8 -999
119.1948 21 -999
159.0695 342 -999
102.7839 296 -999
138.0496 294 -999
124.1499 106 -999
115.1234 12 -999
139.3404 252 -999
141.0269 354 -999
77.15291 174 -999
124.0205 331 -999
145.6485 215 -999
119.7282 65 -999
165.4817 107 -999
149.3486 343 -999
138.0443 311 -999
116.8351 11 -999
126.2751 340 -999
108.1988 214 -999
56.00571 299 -999
119.6809 35 -999
110.8268 100 -999
90.99784 80 -999
64.30636 164 -999
57.65848 338 -999
113.2865 282 -999
127.4071 63 -999
163.9089 356 -999
81.30218 328 -999
166.5432 137 -999
148.2071 120 -999
136.7251 106 -999
109.7117 250 -999
157.8586 238 -999
84.6761 303 -999
126.1046 348 -999
155.0023 275 -999
89.2809 41 -999
132.3296 63 -999
147.4044 84 -999
107.8211 56 -999
79.07815 16 -999
72.81848 43 -999
151.7052 120 -999
164.072 74 -999
63.70354 2 -999
70.1084 101 -999
105.6634 3 -999
131.2954 321 -999
154.2385 134 -999
160.2625 127 -999
122.0785 232 -999
160.758 112 -999
99.50364 104 -999
92.6706 302 -999
108.83 346 -999
144.0673 87 -999
121.0822 358 -999
107.6938 53 -999
117.5978 134 -999
130.3234 129 -999
164.0183 36 -999
168.1066 169 -999
130.4233 277 -999
104.6618 26 -999
158.5014 133 -999
172.3253 67 -999
117.743 29 -999
167.1829 121 -999
121.6671 335 -999
153.3127 233 -999
135.2091 78 -999
135.1207 242 -999
127.5291 52 -999
110.3618 298 -999
111.5001 27 -999
119.1601 256 -999
163.4881 155 -999
116.3732 67 -999
152.5194 245 -999
122.6897 114 -999
134.7967 214 -999
107.1447 157 -999
164.3087 34 -999
112.9688 241 -999
93.96882 30 -999
91.78688 182 -999
129.9499 115 -999
128.5149 192 -999
86.7076 55 -999
95.58056 276 -999
104.6618 10 -999
118.876 315 -999
109.1898 154 -999
87.60394 350 -999
147.5706 260 -999
134.641 13 -999
127.6406 161 -999
153.2885 116 -999
151.7536 135 -999
149.1624 105 -999
161.0284 258 -999
148.0945 87 -999
167.1965 131 -999
172.1201 286 -999
127.9815 162 -999
138.1316 317 -999
63.91185 336 -999
161.2493 332 -999
138.7902 32 -999
67.15531 249 -999
144.3808 360 -999
150.9393 33 -999
59.94984 229 -999
71.41084 6 -999
116.2754 230 -999
102.6587 279 -999
27.55311 61 -999
152.3616 52 -999
49.78286 76 -999
141.2625 110 -999
151.4842 59 -999
163.6459 105 -999
148.6353 68 -999
158.2394 208 -999
197.5534 290 -999
122.2226 51 -999
147.5811 124 -999
74.3208 306 -999
146.8721 179 -999
161.2199 359 -999
129.8752 300 -999
130.5411 176 -999
157.6345 36 -999
120.2048 1 -999
119.5862 159 -999
97.63521 299 -999
112.7668 166 -999
99.33006 322 -999
144.9458 352 -999
92.6727 59 -999
152.4416 28 -999
118.8497 14 -999
101.1038 217 -999
152.1512 197 -999
149.6095 234 -999
133.7604 188 -999
151.763 128 -999
133.1975 280 -999
103.7823 69 -999
136.6483 31 -999
111.7926 235 -999
142.1021 117 -999
142.2788 190 -999
160.8369 145 -999
202.7294 240 -999
91.78162 88 -999
176.6976 345 -999
147.9325 189 -999
133.7152 291 -999
147.7568 324 -999
97.68045 165 -999
123.2599 9 -999
165.2334 37 -999
111.0961 40 -999
85.98589 110 -999
37.60226 81 -999
121.3578 153 -999
140.6787 73 -999
122.534 187 -999
137.2574 100 -999
75.56327 94 -999
73.08675 151 -999
131.5174 45 -999
218.2787 108 -999
111.1635 183 -999
89.5334 24 -999
158.7307 124 -999
145.7211 263 -999
167.8751 292 -999
169.4974 168 -999
127.425 147 -999
144.526 82 -999
123.4261 149 -999
66.12114 209 -999
158.1521 109 -999
83.61458 316 -999
117.3948 93 -999
147.2213 7 -999
104.2862 319 -999
114.894 297 -999
100.4368 137 -999
57.63113 224 -999
115.6073 35 -999
109.0857 53 -999
124.8317 132 -999
110.9615 312 -999
53.02947 239 -999
51.39459 307 -999
136.9681 18 -999
100.8639 180 -999
125.6197 5 -999
127.7101 98 -999
114.1355 152 -999
157.3652 121 -999
111.6138 288 -999
110.5964 75 -999
108.7985 177 -999
121.0443 341 -999
93.8531 193 -999
