82 138 69 122 60 74 155 87 90 159 122 151 86 125 82 118 106 132 84 97 90 111 109 86 106 114 103 119 109 92 92 86 109 90 143 84 173 70 180 172 107 154 172 93 80 157 143 117 93 111 134 84 108 0 0 0 0 0 0 0 0 0 0 0 0 0 0 0 0 0 0 5930
103 179 61 151 44 31 202 79 51 242 125 130 52 77 85 115 94 110 54 101 54 178 79 83 59 104 104 79 117 67 71 61 58 59 108 58 192 76 225 203 73 200 549 65 69 150 164 82 107 80 107 51 112 0 0 0 0 0 0 0 0 0 0 0 0 0 0 0 0 0 0 0 0 0 0 0 0 0 0 0 0 0 0 0 0 0 0 0 0 0 0 0 0 0 5930
100 202 30 133 24 10 271 60 42 335 102 79 45 47 61 98 68 111 14 70 25 222 61 61 41 91 97 45 116 61 33 33 46 28 71 51 343 69 217 196 50 181 1063 66 50 111 149 48 138 70 95 11 89 0 0 0 0 0 0 0 0 0 0 0 0 0 0 0 0 0 0 0 0 0 0 0 0 0 0 0 0 0 0 0 0 5930
48 184 13 89 13 4 314 46 40 377 71 35 41 35 48 68 37 119 0 41 11 222 38 45 28 104 57 118 34 54 29 25 36 15 64 31 535 62 200 179 49 167 1580 45 69 72 104 17 139 61 85 1 31 0 0 0 0 0 0 0 0 0 0 0 0 0 0 0 0 0 0 0 0 0 0 0 0 0 0 0 0 0 0 0 5930
21 179 5 51 5 0 338 42 431 33 67 14 40 27 29 28 13 103 0 18 6 294 14 36 18 111 41 157 15 50 24 14 22 2 62 4 645 55 185 177 49 202 1843 71 39 50 100 0 106 27 58 0 9 0 0 0 0 0 0 0 0 0 0 0 0 0 0 0 0 0 0 0 0 0 0 0 0 0 0 5930
6 192 0 30 0 0 344 26 454 14 67 1 31 9 16 6 1 0 91 0 3 351 3 35 4 110 21 226 0 54 23 7 9 0 57 0 693 52 167 187 44 280 1952 61 36 36 110 0 70 2 49 0 0 0 0 0 0 0 0 0 0 0 0 0 0 0 0 0 0 0 0 0 0 0 0 0 0 0 0 0 0 0 0 0 0 0 0 0 5930
0 192 8 0 0 0 388 4 461 0 61 0 10 0 6 0 0 0 80 0 0 378 0 14 1 104 4 314 0 59 13 0 0 0 52 0 717 38 146 196 45 338 1996 44 32 12 117 0 52 0 48 0 0 0 0 0 0 0 0 0 0 0 0 0 0 0 0 0 0 0 0 0 0 0 5930
0 179 0 0 0 0 421 0 464 0 42 0 1 0 0 0 0 0 62 0 0 396 0 0 0 96 0 438 56 0 2 0 0 0 48 0 726 13 136 193 43 374 2011 25 21 0 124 0 18 0 41 0 0 0 0 0 0 0 0 0 0 0 0 0 0 0 0 0 0 0 0 0 0 0 0 0 0 0 0 0 0 0 0 0 0 0 0 0 0 0 0 0 0 0 0 0 5930
0 0 150 0 0 0 449 0 478 0 20 0 0 0 0 0 0 0 29 0 0 451 0 0 0 73 0 579 45 0 0 0 0 0 31 0 734 0 129 162 40 408 2009 13 1 0 110 0 2 0 17 0 0 0 0 0 0 0 0 0 0 0 0 0 0 0 0 0 0 0 0 0 0 0 0 0 0 0 0 0 0 0 0 0 0 0 0 5930
0 0 111 0 0 0 479 0 490 0 1 0 0 0 0 0 0 0 0 0 0 498 0 0 0 46 0 768 20 0 0 0 0 0 4 0 745 0 118 114 29 417 2007 1 0 0 77 0 0 0 5 0 0 0 0 0 0 0 0 0 0 0 0 0 0 0 0 0 0 0 0 0 0 0 5930
