116 107 134 98 127 99 120 96 187 99 76 233 97 84 89 97 104 117 112 100 80 76 71 79 77 130 143 84 172 114 91 83 88 74 90 112 136 127 203 82 117 106 66 124 92 153 106 92 85 98 135 120 154 98 174 100 78 101 0 0 0 0 0 0 0 0 0 0 0 0 0 0 0 6403
105 93 149 90 106 75 151 59 373 97 38 316 76 49 75 93 56 120 95 83 94 56 55 49 57 125 112 64 181 88 108 42 66 64 99 41 134 125 408 69 108 21 148 120 79 176 66 146 47 87 149 99 225 76 271 100 42 107 0 0 0 0 0 0 0 0 0 0 0 0 0 0 0 0 0 0 0 0 0 0 0 0 0 0 0 0 0 0 0 0 0 0 0 0 0 0 0 0 6403
89 62 139 63 112 43 126 17 1046 52 6 388 38 8 60 81 22 176 36 45 69 25 58 30 23 58 100 12 160 55 79 20 52 50 54 3 110 686 87 30 85 8 211 76 40 268 18 156 15 53 78 153 285 34 343 78 36 96 0 0 0 0 0 0 0 0 0 0 0 0 0 0 0 0 0 0 0 0 0 0 0 0 6403
19 28 103 20 75 3 108 0 1781 12 0 472 3 0 26 32 0 200 14 7 70 5 30 6 1 61 10 0 154 69 24 1 22 23 37 0 35 778 87 12 69 0 204 33 7 477 0 157 0 10 47 103 527 10 357 36 17 21 0 0 0 0 0 0 0 0 0 0 0 0 0 0 0 0 0 0 0 0 0 0 0 0 0 0 0 6403
2 2 25 0 87 0 94 0 1901 0 0 511 0 0 9 2 0 205 0 0 57 0 1 0 0 7 0 0 166 52 1 0 6 2 31 0 3 810 52 49 0 0 147 8 0 684 110 0 0 1 9 45 901 0 411 9 1 2 0 0 0 0 0 0 0 0 0 0 0 0 0 0 0 0 0 0 0 0 0 0 0 0 0 0 0 0 0 0 0 0 0 0 0 0 0 0 0 0 0 0 0 0 0 0 0 0 0 0 0 0 0 0 0 0 0 6403
0 0 0 0 88 0 73 0 1915 0 0 0 536 0 0 0 0 167 0 0 16 0 0 0 0 0 0 0 178 10 0 0 0 0 8 0 0 880 9 12 0 0 123 0 0 759 11 0 0 0 0 2 1158 0 458 0 0 0 0 0 0 0 0 0 0 0 0 0 0 0 0 0 0 0 0 0 0 0 0 0 0 0 0 0 0 0 6403
0 0 0 0 71 0 0 27 1902 0 0 0 539 0 0 0 0 0 72 0 0 0 0 0 0 0 0 0 196 0 0 0 0 0 0 0 0 892 0 0 0 0 89 0 0 761 0 0 0 0 0 0 1324 0 530 0 0 0 0 0 0 0 0 0 0 0 0 0 0 0 0 0 0 0 0 0 0 0 0 0 0 0 0 0 0 0 0 0 0 0 0 0 0 0 0 0 0 0 0 0 0 0 0 0 0 0 0 0 0 0 6403
0 0 0 0 53 0 0 0 1881 0 0 0 533 0 0 0 0 0 3 0 0 0 0 0 0 0 0 0 200 0 0 0 0 0 0 0 0 898 0 0 0 0 32 0 0 761 0 0 0 0 0 0 1450 0 592 0 0 0 0 0 0 0 0 0 0 0 0 0 0 0 0 0 0 0 0 0 0 0 0 0 0 0 0 0 0 6403
0 0 0 0 12 0 0 0 0 1868 0 0 529 0 0 0 0 0 0 0 0 0 0 0 0 0 0 0 199 0 0 0 0 0 0 0 0 903 0 0 0 0 0 0 0 762 0 0 0 0 0 0 1485 0 645 0 0 0 0 0 0 0 0 0 0 0 0 0 0 0 0 0 0 0 0 0 0 0 0 0 0 0 0 0 0 0 6403
0 0 0 0 0 0 0 0 0 1858 0 0 522 0 0 0 0 0 0 0 0 0 0 0 0 0 0 0 194 0 0 0 0 0 0 0 0 910 0 0 0 0 0 0 0 754 0 0 0 0 0 0 1485 0 680 0 0 0 0 0 0 0 0 0 0 0 0 0 0 0 0 0 0 0 0 0 0 0 0 0 0 0 0 0 0 0 0 0 0 0 0 0 0 0 0 0 0 6403
