166 112 122 160 104 95 74 38 149 167 97 78 69 65 72 130 83 52 124 134 84 101 65 108 104 117 75 175 78 118 70 120 74 102 72 144 171 92 125 108 65 130 85 140 129 91 78 69 101 84 76 54 67 84 112 214 92 47 0 0 0 0 0 0 0 0 0 0 0 0 0 0 0 0 0 0 0 0 0 0 0 0 0 0 0 0 0 0 0 0 0 0 0 0 0 0 0 0 5912
209 105 112 86 143 36 15 81 315 184 72 44 20 63 68 195 65 36 96 164 20 82 58 56 73 81 60 266 65 122 32 215 66 77 48 126 558 123 87 68 51 152 77 85 130 88 72 16 105 37 24 38 66 66 96 306 56 55 0 0 0 0 0 0 0 0 0 0 0 0 0 0 0 0 0 0 0 0 0 0 0 0 0 0 0 0 0 0 0 0 0 0 0 0 0 0 0 0 0 0 5912
143 41 118 48 171 0 2 66 487 243 25 7 0 26 32 270 1 38 127 206 2 23 9 7 68 43 13 325 14 36 3 22 403 8 1 85 1521 119 4 34 11 199 39 70 96 72 32 2 39 1 1 8 26 30 83 322 13 77 0 0 0 0 0 0 0 0 0 0 0 0 0 0 0 0 0 0 0 0 0 0 0 0 0 0 0 0 0 0 0 0 0 0 0 0 0 0 0 0 0 0 0 0 0 0 0 0 0 0 0 0 0 0 5912
70 25 188 55 6 0 0 36 631 186 0 0 0 7 5 353 0 6 91 259 0 1 0 0 32 26 0 465 0 0 0 0 547 0 0 14 1885 101 0 0 0 230 2 52 27 46 3 0 12 0 0 0 0 16 59 403 0 73 0 0 0 0 0 0 0 0 0 0 0 0 0 0 0 0 0 0 0 0 0 0 0 0 0 0 0 0 0 0 5912
11 18 12 190 0 0 0 23 776 158 0 0 0 0 0 413 0 0 71 313 0 0 0 0 5 0 0 621 0 0 0 0 621 0 0 1925 0 24 0 0 0 234 0 2 0 17 0 0 0 0 0 0 0 0 8 393 0 77 0 0 0 0 0 0 0 0 0 0 0 0 0 0 0 0 0 0 0 0 0 0 0 0 0 0 0 0 0 5912
0 2 0 190 0 0 0 1 150 819 0 0 0 0 0 417 0 0 56 325 0 0 0 0 0 0 0 714 0 0 0 0 630 0 0 1923 0 1 0 0 0 300 0 0 0 0 0 0 0 0 0 0 0 0 0 308 0 76 0 0 0 0 0 0 0 0 0 0 0 0 0 0 0 0 0 0 0 0 5912
0 0 0 189 0 0 0 0 147 847 0 0 0 0 0 395 0 0 16 330 0 0 0 0 0 0 0 815 0 0 0 0 631 0 0 1917 0 0 0 0 0 381 0 0 0 0 0 0 0 0 0 0 0 0 0 198 0 46 0 0 0 0 0 0 0 0 0 0 0 0 0 0 0 0 0 0 0 0 0 0 0 0 0 0 0 0 0 0 0 0 5912
0 0 0 189 0 0 0 0 147 938 0 0 0 0 0 344 0 0 0 331 0 0 0 0 0 0 0 881 0 0 0 0 631 0 0 1915 0 0 0 0 0 468 0 0 0 0 0 0 0 0 0 0 0 0 0 62 0 6 0 0 0 0 0 0 0 0 0 0 0 0 0 0 0 0 0 0 0 0 0 0 0 0 0 0 0 0 0 0 0 0 0 0 0 5912
0 0 0 189 0 0 0 0 146 998 0 0 0 0 0 285 0 0 0 333 0 0 0 0 0 0 0 916 0 0 0 0 632 0 0 1914 0 0 0 0 0 498 0 0 0 0 0 0 0 0 0 0 0 0 0 1 0 0 0 0 0 0 0 0 0 0 0 0 0 0 0 0 0 0 0 0 0 0 0 0 0 0 0 0 0 0 0 0 0 5912
0 0 0 188 0 0 0 0 999 147 0 0 0 0 0 269 0 0 0 333 0 0 0 0 0 0 0 931 0 0 0 0 632 0 0 1914 0 0 0 0 0 499 0 0 0 0 0 0 0 0 0 0 0 0 0 0 0 0 0 0 0 0 0 0 0 0 0 0 0 0 0 0 0 5912
