0 0 0 0 0 0 0 0 0 0 0 0 0 0 0 0 0 0 0 0 0 0 0 0 0 0 0 0 0 0 0 0 0 0 0 0 0 0 0 0 4933 0 0 0 0 0 0 0 0 0 0 0 0 0 4933
0 0 0 0 0 0 0 0 0 0 0 0 0 0 0 0 0 0 0 0 0 0 0 0 0 0 0 0 0 0 0 0 0 0 0 0 0 0 0 0 4933 4933
0 0 0 0 0 0 0 0 0 0 0 0 0 0 0 0 0 0 0 0 0 0 0 0 0 0 0 0 0 0 0 0 0 0 0 0 0 0 0 0 4933 0 0 0 0 0 0 0 0 0 0 4933
83 68 83 81 92 82 103 86 91 108 83 74 80 88 83 86 73 70 97 87 73 79 96 95 90 85 109 85 89 91 76 73 88 80 90 97 76 86 87 89 0 64 93 90 80 82 81 93 89 86 88 66 93 86 67 87 80 91 85 4933
0 0 0 18 0 0 0 16 0 0 0 925 0 45 0 0 1465 0 0 0 0 789 0 0 0 0 7 12 0 0 0 425 0 0 1025 25 0 0 0 0 0 0 8 0 0 0 40 5 0 0 25 0 0 103 0 0 0 0 0 0 0 0 0 0 0 0 0 0 0 0 0 0 0 0 0 0 0 0 0 0 0 0 0 0 0 0 0 0 0 0 0 0 0 0 0 0 0 0 0 0 0 0 0 0 0 0 0 0 0 0 0 0 0 4933
8 4 6 50 7 6 4 49 8 10 7 941 3 27 2 3 0 15 8 3 5 470 7 4 4 7 23 36 2 5 1 438 4 2416 4 5 4 4 10 1 6 8 43 6 2 6 70 13 6 4 7 9 6 7 3 6 5 5 6 7 8 5 5 6 9 6 7 3 4 9 5 3 5 3 6 4 6 3 4933
0 0 0 0 0 0 0 0 0 0 0 0 0 0 0 0 0 0 0 0 0 0 0 0 0 0 0 0 0 0 0 1 0 4485 0 0 0 0 358 1 0 0 0 0 0 0 0 0 0 0 0 0 0 0 0 0 0 0 0 0 0 0 0 0 0 0 0 0 0 0 0 0 0 88 0 0 0 0 0 0 0 0 0 0 0 0 0 0 0 0 0 0 0 0 0 0 0 0 0 0 0 0 0 0 0 0 0 0 0 0 0 0 0 0 0 0 0 0 0 0 0 4933
47 48 50 36 49 40 51 43 54 50 43 36 48 57 48 39 43 43 47 47 47 36 39 43 45 46 45 55 42 46 48 47 50 0 47 47 50 57 718 48 48 45 47 55 48 63 44 48 39 43 47 49 48 44 47 44 39 41 37 48 54 51 61 43 45 46 53 48 41 52 52 37 62 148 47 41 51 42 54 46 38 33 46 46 52 43 50 44 61 47 4933
5 4 2 2 49 8 39 3280 7 4 3 5 14 24 3 5 1 5 10 15 3 4 5 5 9 6 7 2 6 6 48 5 2 7 6 5 3 2 0 7 5 6 6 6 7 16 2 4 8 27 662 20 2 5 5 6 6 3 10 7 16 5 1 5 5 10 5 0 5 5 7 5 13 185 4 6 3 4 3 10 5 4 8 3 18 5 4 5 7 8 3 6 5 4 8 5 4 2 3 4 1 5 7 4 5 5 6 7 5 4 3 7 8 8 7 7 4933
0 0 0 0 0 0 0 2641 0 0 0 0 0 0 0 0 0 0 0 0 0 0 0 0 0 0 0 0 0 0 0 0 0 423 0 0 0 0 0 0 0 0 0 0 0 0 0 0 0 0 1865 0 0 0 0 0 0 0 0 0 0 0 0 0 0 0 0 0 0 0 0 0 0 0 0 0 0 0 0 0 0 0 0 0 0 0 0 0 0 0 4 0 0 0 0 0 0 0 0 0 0 0 0 0 0 0 0 0 0 0 0 0 0 0 0 0 0 0 0 0 0 0 0 0 0 0 0 0 0 0 0 0 0 0 0 0 0 0 0 0 0 0 0 0 0 0 0 0 0 0 0 0 0 0 0 4933
