473
1
1
0
Pedi
1
Yield
304
183.498 -999 183.498
130.8462 -999 130.8462
135.3524 -999 135.3524
201.6774 -999 201.6774
138.887 -999 138.887
142.3027 -999 142.3027
163.961 -999 163.961
97.79828 -999 97.79828
151.3077 -999 151.3077
113.8732 -999 113.8732
164.7469 -999 164.7469
75.85836 -999 75.85836
126.3443 -999 126.3443
135.8232 -999 135.8232
132.7052 -999 132.7052
179.7874 -999 179.7874
151.3433 -999 151.3433
59.5875 -999 59.5875
123.1589 -999 123.1589
177.9067 -999 177.9067
142.1838 -999 142.1838
142.2139 -999 142.2139
176.889 -999 176.889
161.7561 -999 161.7561
107.7188 -999 107.7188
121.6329 -999 121.6329
104.0061 -999 104.0061
150.0198 -999 150.0198
104.271 -999 104.271
152.9076 -999 152.9076
124.2926 -999 124.2926
118.734 -999 118.734
146.9525 -999 146.9525
144.8362 -999 144.8362
136.2866 -999 136.2866
156.3293 -999 156.3293
118.3981 -999 118.3981
174.256 -999 174.256
157.4011 -999 157.4011
94.22114 -999 94.22114
131.5076 -999 131.5076
116.7811 -999 116.7811
137.2521 -999 137.2521
139.5098 -999 139.5098
128.012 -999 128.012
80.47247 -999 80.47247
111.7663 -999 111.7663
126.4439 -999 126.4439
98.3783 -999 98.3783
146.6237 -999 146.6237
135.0773 -999 135.0773
77.50692 -999 77.50692
116.4365 -999 116.4365
75.14613 -999 75.14613
82.78644 -999 82.78644
170.9567 -999 170.9567
94.02607 -999 94.02607
154.7114 -999 154.7114
138.4164 -999 138.4164
179.5051 -999 179.5051
126.1693 -999 126.1693
128.0103 -999 128.0103
99.27623 -999 99.27623
134.3916 -999 134.3916
97.13198 -999 97.13198
114.3137 -999 114.3137
110.7016 -999 110.7016
177.4631 -999 177.4631
134.3536 -999 134.3536
165.2353 -999 165.2353
154.0938 -999 154.0938
147.4486 -999 147.4486
110.1388 -999 110.1388
167.4359 -999 167.4359
182.5904 -999 182.5904
159.362 -999 159.362
169.6898 -999 169.6898
142.8574 -999 142.8574
208.4554 -999 208.4554
154.5604 -999 154.5604
165.9841 -999 165.9841
83.5981 -999 83.5981
136.0007 -999 136.0007
127.4888 -999 127.4888
111.7153 -999 111.7153
123.818 -999 123.818
142.182 -999 142.182
90.87467 -999 90.87467
144.212 -999 144.212
121.6825 -999 121.6825
115.7304 -999 115.7304
102.234 -999 102.234
113.694 -999 113.694
134.2007 -999 134.2007
139.9532 -999 139.9532
71.80009 -999 71.80009
113.451 -999 113.451
119.2162 -999 119.2162
109.0361 -999 109.0361
85.10103 -999 85.10103
216.6911 -999 216.6911
93.95041 -999 93.95041
162.2654 -999 162.2654
125.8424 -999 125.8424
164.4591 -999 164.4591
122.8668 -999 122.8668
122.5372 -999 122.5372
114.7657 -999 114.7657
69.72151 -999 69.72151
84.45964 -999 84.45964
109.789 -999 109.789
149.6866 -999 149.6866
159.7928 -999 159.7928
149.2434 -999 149.2434
135.2244 -999 135.2244
165.7754 -999 165.7754
119.4147 -999 119.4147
162.5281 -999 162.5281
177.6371 -999 177.6371
81.94831 -999 81.94831
168.8693 -999 168.8693
153.6251 -999 153.6251
152.8666 -999 152.8666
130.8662 -999 130.8662
106.0211 -999 106.0211
131.3503 -999 131.3503
96.10886 -999 96.10886
115.573 -999 115.573
153.6304 -999 153.6304
145.2026 -999 145.2026
150.2016 -999 150.2016
128.6632 -999 128.6632
121.6657 -999 121.6657
115.6576 -999 115.6576
147.977 -999 147.977
124.6676 -999 124.6676
189.0812 -999 189.0812
136.4552 -999 136.4552
119.8392 -999 119.8392
148.485 -999 148.485
93.23344 -999 93.23344
164.5091 -999 164.5091
102.7242 -999 102.7242
141.3185 -999 141.3185
127.9761 -999 127.9761
140.6092 -999 140.6092
154.198 -999 154.198
162.4259 -999 162.4259
174.1085 -999 174.1085
152.8501 -999 152.8501
124.6183 -999 124.6183
138.3381 -999 138.3381
168.2239 -999 168.2239
136.1417 -999 136.1417
153.6841 -999 153.6841
127.3526 -999 127.3526
123.151 -999 123.151
146.6514 -999 146.6514
143.9965 -999 143.9965
158.183 -999 158.183
187.1228 -999 187.1228
142.1768 -999 142.1768
149.8003 -999 149.8003
168.7146 -999 168.7146
128.9003 -999 128.9003
148.9768 -999 148.9768
156.7616 -999 156.7616
156.5138 -999 156.5138
174.8896 -999 174.8896
109.1015 -999 109.1015
114.5918 -999 114.5918
129.4428 -999 129.4428
133.9093 -999 133.9093
163.7706 -999 163.7706
130.5389 -999 130.5389
157.6272 -999 157.6272
124.576 -999 124.576
141.0024 -999 141.0024
134.4248 -999 134.4248
149.6819 -999 149.6819
146.7367 -999 146.7367
194.3161 -999 194.3161
144.5553 -999 144.5553
159.0505 -999 159.0505
118.4421 -999 118.4421
125.6862 -999 125.6862
141.0416 -999 141.0416
134.3056 -999 134.3056
128.8889 -999 128.8889
169.8444 -999 169.8444
155.93 -999 155.93
148.9839 -999 148.9839
157.5569 -999 157.5569
175.6092 -999 175.6092
112.9259 -999 112.9259
172.8853 -999 172.8853
161.7084 -999 161.7084
109.7623 -999 109.7623
130.1284 -999 130.1284
138.3396 -999 138.3396
76.71631 -999 76.71631
165.8806 -999 165.8806
130.9893 -999 130.9893
200.7063 -999 200.7063
101.5295 -999 101.5295
107.3048 -999 107.3048
108.3692 -999 108.3692
142.3748 -999 142.3748
79.385 -999 79.385
102.1801 -999 102.1801
113.2555 -999 113.2555
155.0158 -999 155.0158
104.6345 -999 104.6345
135.1333 -999 135.1333
134.9234 -999 134.9234
139.0417 -999 139.0417
130.196 -999 130.196
86.70269 -999 86.70269
157.2844 -999 157.2844
140.0605 -999 140.0605
77.27205 -999 77.27205
144.2446 -999 144.2446
87.29315 -999 87.29315
130.6642 -999 130.6642
106.2393 -999 106.2393
108.6082 -999 108.6082
101.5593 -999 101.5593
97.26804 -999 97.26804
90.72572 -999 90.72572
201.0076 -999 201.0076
144.4212 -999 144.4212
170.824 -999 170.824
157.2942 -999 157.2942
80.69901 -999 80.69901
219.9434 -999 219.9434
148.7936 -999 148.7936
163.6498 -999 163.6498
120.3744 -999 120.3744
177.2795 -999 177.2795
94.39596 -999 94.39596
93.36022 -999 93.36022
76.97914 -999 76.97914
141.666 -999 141.666
125.7175 -999 125.7175
141.9869 -999 141.9869
113.0736 -999 113.0736
161.4528 -999 161.4528
101.4141 -999 101.4141
149.0568 -999 149.0568
148.4956 -999 148.4956
156.4929 -999 156.4929
112.2132 -999 112.2132
200.028 -999 200.028
153.3763 -999 153.3763
145.5822 -999 145.5822
129.2748 -999 129.2748
127.5864 -999 127.5864
177.8869 -999 177.8869
135.2065 -999 135.2065
176.1337 -999 176.1337
149.0564 -999 149.0564
176.2398 -999 176.2398
142.4966 -999 142.4966
119.6998 -999 119.6998
158.7076 -999 158.7076
71.63869 -999 71.63869
112.2026 -999 112.2026
108.4087 -999 108.4087
145.6601 -999 145.6601
91.04273 -999 91.04273
171.3929 -999 171.3929
138.3418 -999 138.3418
113.8411 -999 113.8411
118.0852 -999 118.0852
167.1745 -999 167.1745
132.6665 -999 132.6665
141.1413 -999 141.1413
83.57259 -999 83.57259
115.4572 -999 115.4572
126.5687 -999 126.5687
119.2732 -999 119.2732
113.8101 -999 113.8101
119.7712 -999 119.7712
104.712 -999 104.712
101.1657 -999 101.1657
62.08707 -999 62.08707
105.0241 -999 105.0241
64.71456 -999 64.71456
143.748 -999 143.748
123.3334 -999 123.3334
139.7415 -999 139.7415
108.8023 -999 108.8023
94.88726 -999 94.88726
75.06801 -999 75.06801
163.8024 -999 163.8024
161.8011 -999 161.8011
128.6268 -999 128.6268
94.78399 -999 94.78399
153.47 -999 153.47
60.31385 -999 60.31385
134.0729 -999 134.0729
197.2903 -999 197.2903
131.8015 -999 131.8015
174.8857 -999 174.8857
123.6604 -999 123.6604
113.9781 -999 113.9781
143.4577 -999 143.4577
106.7946 -999 106.7946
183.2074 -999 183.2074
155.9791 -999 155.9791
140.3615 -999 140.3615
158.1919 -999 158.1919
90.7628 -999 90.7628
73.50739 -999 73.50739
159.2859 -999 159.2859
120.0593 -999 120.0593
161.5592 -999 161.5592
91.60453 -999 91.60453
114.5705 -999 114.5705
119.1159 -999 119.1159
143.7477 -999 143.7477
82.28602 -999 82.28602
101.5327 -999 101.5327
134.244 -999 134.244
156.2479 -999 156.2479
141.7594 -999 141.7594
166.6854 -999 166.6854
79.77321 -999 79.77321
100.6004 -999 100.6004
202.5303 -999 202.5303
139.1216 -999 139.1216
140.7656 -999 140.7656
165.0539 -999 165.0539
97.41112 -999 97.41112
84.69161 -999 84.69161
171.3906 -999 171.3906
150.0929 -999 150.0929
117.2398 -999 117.2398
162.9326 -999 162.9326
160.1703 -999 160.1703
130.6971 -999 130.6971
99.02619 -999 99.02619
155.6661 -999 155.6661
155.8569 -999 155.8569
84.71151 -999 84.71151
152.5363 -999 152.5363
140.9006 -999 140.9006
144.4587 -999 144.4587
150.4357 -999 150.4357
119.2469 -999 119.2469
111.6413 -999 111.6413
141.8264 -999 141.8264
135.8964 -999 135.8964
114.6721 -999 114.6721
116.749 -999 116.749
163.6206 -999 163.6206
144.148 -999 144.148
138.2284 -999 138.2284
147.9853 -999 147.9853
117.8547 -999 117.8547
129.9927 -999 129.9927
144.1741 -999 144.1741
131.5076 -999 131.5076
124.9337 -999 124.9337
149.9348 -999 149.9348
185.4702 -999 185.4702
136.0065 -999 136.0065
182.7879 -999 182.7879
104.2414 -999 104.2414
156.7953 -999 156.7953
159.7323 -999 159.7323
132.9378 -999 132.9378
163.8514 -999 163.8514
91.68343 -999 91.68343
171.3153 -999 171.3153
166.6198 -999 166.6198
94.09945 -999 94.09945
178.3193 -999 178.3193
203.445 -999 203.445
123.463 -999 123.463
153.1695 -999 153.1695
115.742 -999 115.742
163.9657 -999 163.9657
154.4323 -999 154.4323
90.56528 -999 90.56528
174.5469 -999 174.5469
159.5464 -999 159.5464
103.5036 -999 103.5036
127.4958 -999 127.4958
116.9934 -999 116.9934
97.74918 -999 97.74918
123.4556 -999 123.4556
70.90743 -999 70.90743
114.65 -999 114.65
82.30373 -999 82.30373
116.3879 -999 116.3879
65.1082 -999 65.1082
104.321 -999 104.321
103.6792 -999 103.6792
138.3407 -999 138.3407
108.4574 -999 108.4574
94.4205 -999 94.4205
84.47472 -999 84.47472
87.18838 -999 87.18838
107.5048 -999 107.5048
98.89696 -999 98.89696
118.977 -999 118.977
107.9617 -999 107.9617
138.5616 -999 138.5616
108.1644 -999 108.1644
117.1743 -999 117.1743
156.1856 -999 156.1856
160.2183 -999 160.2183
135.255 -999 135.255
195.2763 -999 195.2763
105.4786 -999 105.4786
125.68 -999 125.68
151.147 -999 151.147
140.0581 -999 140.0581
76.41805 -999 76.41805
94.15819 -999 94.15819
139.2701 -999 139.2701
114.8309 -999 114.8309
131.6225 -999 131.6225
113.4313 -999 113.4313
148.7878 -999 148.7878
63.77745 -999 63.77745
79.79907 -999 79.79907
85.36501 -999 85.36501
138.0173 -999 138.0173
118.6148 -999 118.6148
101.3121 -999 101.3121
139.8228 -999 139.8228
94.1077 -999 94.1077
156.8145 -999 156.8145
119.7145 -999 119.7145
83.06173 -999 83.06173
130.0049 -999 130.0049
126.5163 -999 126.5163
98.24855 -999 98.24855
69.42904 -999 69.42904
161.8745 -999 161.8745
86.61861 -999 86.61861
153.7454 -999 153.7454
139.8838 -999 139.8838
98.80386 -999 98.80386
147.3926 -999 147.3926
142.0933 -999 142.0933
57.92833 -999 57.92833
127.884 -999 127.884
126.5262 -999 126.5262
158.4502 -999 158.4502
101.5677 -999 101.5677
127.8981 -999 127.8981
153.8003 -999 153.8003
125.9353 -999 125.9353
134.0553 -999 134.0553
108.588 -999 108.588
153.9941 -999 153.9941
126.5832 -999 126.5832
79.7199 -999 79.7199
125.6081 -999 125.6081
142.4718 -999 142.4718
76.97432 -999 76.97432
138.1815 -999 138.1815
151.5768 -999 151.5768
147.2276 -999 147.2276
124.9209 -999 124.9209
108.473 -999 108.473
147.0513 -999 147.0513
138.1824 -999 138.1824
119.2583 -999 119.2583
117.1005 -999 117.1005
