-1.33025 1.02899 -2.8153 1.01535 2.2438 1.78602 2.58863 -0.326286 -3.8166 -1.85107 0.909021 -0.621955 2.79559 -2.59639 1.01402 1.91602 1.46556 -1.4717 0.613051 1.28975 2.56236 -0.930464 2.7211 -1.02757 -0.802556 -1.36537 5.50342 -1.89889 1.22783 0.964712 -1.91359 -1.16533 0.816975 2.48082 1.34126 2.85609 -0.663312 -0.785197 3.15958 1.16265 -0.911912 -1.23215 -1.60557 1.47187 0.102397 1.25762 0.0682899 -2.40521 0.72021 -2.20676 -5.45884
1.02899 2.17846 -1.29966 2.78528 0.169585 1.78602 6.47854 -0.326286 -8.55004 -3.13953 0.16383 -0.621955 -0.535314 0.65068 -0.372576 1.61385 1.46556 -1.02583 0.670007 -0.831891 2.56236 -0.930464 2.2104 0.0142577 -0.802556 -1.36537 7.6782 -0.468012 1.22783 0.266293 0.395939 -1.16533 0.168838 2.48082 3.48389 -2.60394 2.29525 -2.04303 1.83374 1.16265 -3.13038 -0.585046 -2.12656 1.47187 1.33397 -1.50472 4.78564 -6.23394 -3.78138
1.01142 0.625574 -0.450673 0.697022 -3.42621 1.78602 7.77681 4.23483 -8.55004 -3.13953 0.16383 -0.621955 3.4175 1.10815 5.30784 -2.10473 1.51849 0.384477 2.49657 -0.831891 6.3604 -0.051143 5.17635 1.99203 -1.36537 -0.802556 7.6782 -0.468012 -0.991306 2.34633 0.395939 0.179681 -0.0170682 2.95164 4.24677 -2.60394 3.9718 -2.04303 1.83374 1.23504 -3.13038 0.00722858 -2.12656 -0.0638399 1.33397 0.343389 7.28791 -3.69382 0.220594
1.01142 -1.0302 0.697022 1.60459 -3.42621 1.78602 7.77681 2.86607 -0.852825 -4.38633 1.71888 -0.621955 -5.78435 0.571808 5.30784 0.0878055 -2.10473 -2.99834 -1.88853 0.351617 4.86536 -1.24066 5.17635 2.00648 -1.26045 -1.20151 7.94497 -0.468012 -1.94898 2.20497 2.79063 -2.29989 -0.0170682 2.95164 1.22616 -2.60394 8.77058 1.15314 1.83374 1.23504 -0.787154 1.29304 -0.689156 0.133247 1.33397 0.863282 11.1236 -4.4442 0.417457 -3.02619 -0.155803 -0.0269651 -4.52997 -6.25433 0.0697847 -1.71469 -0.319175 1.36141
1.01142 -1.0302 -1.29825 1.60459 3.2483 2.09082 11.8681 4.83973 -0.852825 -7.78607 1.71888 -3.73041 -5.78435 0.571808 5.30784 -2.59814 -2.10473 5.14929 -1.33295 -1.53967 4.86536 1.41869 5.17635 -0.508077 -1.26045 -1.20151 7.94497 -1.94898 -6.69276 3.22801 2.02707 -2.37855 1.20605 1.43757 1.25058 3.61801 5.48467 1.15314 1.23504 2.55193 -0.787154 1.29304 -0.689156 0.133247 1.33397 0.863282 10.4099 -1.30519 3.7321 2.75626 0.561226 2.98258 3.88627 1.14875
-3.60893 2.4157 6.41073 -1.0841 3.2483 2.09082 20.3123 -2.54384 2.96577 -4.57596 -2.3996 7.1842 -5.13545 0.571808 3.70568 -2.59814 -2.24673 3.15738 -1.33295 -3.9293 1.48879 1.41869 1.07124 1.67573 1.02824 1.26005 7.94497 -0.100694 -6.49712 -1.17505 2.02707 -2.37855 1.20605 1.52876 -5.35173 3.61801 6.10611 1.15314 2.55193 6.45111 -0.787154 1.29304 -0.332174 1.33397 -2.1465 0.863282 10.4099 -3.67071 0.840734 -2.87763
-3.60893 2.4157 7.93783 -0.359519 2.09082 -0.125173 20.3123 -1.09855 2.96577 -4.57596 -4.7787 4.70891 -3.90006 0.571808 1.01554 -2.59814 -2.24673 0.684111 1.9775 -4.93948 1.48879 1.41869 0.963387 -2.69203 -3.05632 -2.40507 7.94497 1.08209 -6.61847 -1.17505 2.02707 -2.37855 1.20605 1.52876 -5.05147 0.148841 -2.88347 -0.5898 -4.10706 3.87653 -0.528233 -2.47129 1.29304 -1.62239 -2.1465 0.863282 17.6158 -1.60731 0.876571 -5.75982 0.0653319 0.647135 -2.52486 1.04525 -0.392666 -0.558313 -0.764028 2.46832 3.74279
2.4157 -2.28569 7.93783 -0.359519 5.53357 2.49911 21.7689 2.70095 -1.39611 -4.57596 -4.7787 4.70891 -1.50873 5.04772 1.01554 -2.59814 -2.24673 0.684111 1.79558 -4.93948 1.41869 1.48879 0.963387 -2.69203 -3.05632 -2.40507 7.94497 3.57363 -0.149163 -1.17505 4.96428 -6.06579 -0.0586989 0.323981 -5.05147 0.148841 -2.94145 -0.5898 0.14332 0.936826 -0.528233 -0.916162 -3.95251 0.244756 0.92293 0.863282 17.6158 -0.882899 -1.38943 -5.76953 0.52521 4.58864 -1.67152 4.92427 1.67227 2.33126 -4.26612 -0.0291182 1.90636 -0.163051 4.02419 -0.734661
-3.33398 1.33928 7.93783 -2.42438 5.53357 1.90246 17.6158 2.70095 0.340859 -0.667962 0.658509 -1.0285 -1.50873 4.82778 1.47312 1.32813 4.00133 -4.00352 1.79558 -4.93948 2.99641 -3.21716 0.963387 -1.41331 -3.05632 -2.40507 5.7117 -0.691051 -0.149163 -1.17505 3.81254 4.55271 -0.0586989 -1.10644 -1.059 1.9235 -2.94145 -0.5898 0.936826 0.14332 -1.21493 -0.916162 0.244756 -3.95251 -0.873303 0.863282 21.7689 -1.21575 0.289722 -0.342912 1.0445 -2.85215 -12.4341 -0.255832 1.64994 -0.997402 1.53936 0.192114 3.67204 3.33191 -0.0905305 1.56878 -6.04928 -0.61958 -2.62298 -3.27848 2.03952 -2.37481 1.23139 -2.59811 3.62574 -2.10167 -1.5653 0.369402 0.871742
-3.33398 2.19565 7.93783 -2.42438 5.53357 1.90246 17.6158 -5.08785 2.70095 -0.667962 0.658509 -1.0285 5.44113 4.8562 1.47312 1.32813 -4.06329 -4.00352 1.79558 -4.65179 2.99641 1.00664 0.963387 -2.69886 -3.05632 1.50584 5.23016 -0.0591028 -0.810829 0.814181 2.35469 4.55271 -0.799628 -1.10644 -1.059 -5.00353 -2.94145 2.18455 0.936826 0.769767 -1.21493 1.06786 0.244756 -3.95251 -5.61903 0.863282 27.6956 0.672278 -1.07406 -2.47952 2.07653 1.22744 -2.53729 2.24126 -1.06807
