972
9
1
8
Pedi
temp_min
Dewpoin_min
RelativeHumidity_min
temp_max
Dewpoin_max
Rainfall_max
WindSpeed_max
WindGust_max
0
324
156.9522 230 3.6 -0.7 26.7 30.4 21.2 25.1 10.73 18
101.8984 52 3.6 -0.7 26.7 30.4 21.2 25.1 10.73 18
129.5977 74 3.6 -0.7 26.7 30.4 21.2 25.1 10.73 18
163.9931 107 3.6 -0.7 26.7 30.4 21.2 25.1 10.73 18
153.3753 51 3.6 -0.7 26.7 30.4 21.2 25.1 10.73 18
21.23677 66 3.6 -0.7 26.7 30.4 21.2 25.1 10.73 18
66.5858 205 3.6 -0.7 26.7 30.4 21.2 25.1 10.73 18
142.8047 43 3.6 -0.7 26.7 30.4 21.2 25.1 10.73 18
145.5715 44 3.6 -0.7 26.7 30.4 21.2 25.1 10.73 18
104.3419 73 3.6 -0.7 26.7 30.4 21.2 25.1 10.73 18
66.35413 257 3.6 -0.7 26.7 30.4 21.2 25.1 10.73 18
152.4284 113 3.6 -0.7 26.7 30.4 21.2 25.1 10.73 18
138.8399 54 3.6 -0.7 26.7 30.4 21.2 25.1 10.73 18
108.7704 15 3.6 -0.7 26.7 30.4 21.2 25.1 10.73 18
144.149 192 3.6 -0.7 26.7 30.4 21.2 25.1 10.73 18
148.6953 55 3.6 -0.7 26.7 30.4 21.2 25.1 10.73 18
188.0792 210 3.6 -0.7 26.7 30.4 21.2 25.1 10.73 18
218.3385 71 3.6 -0.7 26.7 30.4 21.2 25.1 10.73 18
177.6217 187 3.6 -0.7 26.7 30.4 21.2 25.1 10.73 18
161.9955 1 3.6 -0.7 26.7 30.4 21.2 25.1 10.73 18
156.5511 185 3.6 -0.7 26.7 30.4 21.2 25.1 10.73 18
130.6428 59 3.6 -0.7 26.7 30.4 21.2 25.1 10.73 18
125.6611 17 3.6 -0.7 26.7 30.4 21.2 25.1 10.73 18
119.5691 304 3.6 -0.7 26.7 30.4 21.2 25.1 10.73 18
137.428 111 3.6 -0.7 26.7 30.4 21.2 25.1 10.73 18
134.2272 311 3.6 -0.7 26.7 30.4 21.2 25.1 10.73 18
95.88202 306 3.6 -0.7 26.7 30.4 21.2 25.1 10.73 18
96.42185 314 3.6 -0.7 26.7 30.4 21.2 25.1 10.73 18
142.5491 305 3.6 -0.7 26.7 30.4 21.2 25.1 10.73 18
148.2765 303 3.6 -0.7 26.7 30.4 21.2 25.1 10.73 18
132.4269 299 3.6 -0.7 26.7 30.4 21.2 25.1 10.73 18
132.6584 307 3.6 -0.7 26.7 30.4 21.2 25.1 10.73 18
120.6725 312 3.6 -0.7 26.7 30.4 21.2 25.1 10.73 18
92.16259 296 3.6 -0.7 26.7 30.4 21.2 25.1 10.73 18
132.3455 322 3.6 -0.7 26.7 30.4 21.2 25.1 10.73 18
103.9935 321 3.6 -0.7 26.7 30.4 21.2 25.1 10.73 18
133.3312 31 3.6 -0.7 26.7 30.4 21.2 25.1 10.73 18
151.2385 310 3.6 -0.7 26.7 30.4 21.2 25.1 10.73 18
136.6609 41 3.6 -0.7 26.7 30.4 21.2 25.1 10.73 18
126.3228 20 3.6 -0.7 26.7 30.4 21.2 25.1 10.73 18
113.231 22 3.6 -0.7 26.7 30.4 21.2 25.1 10.73 18
145.8707 121 3.6 -0.7 26.7 30.4 21.2 25.1 10.73 18
160.593 56 3.6 -0.7 26.7 30.4 21.2 25.1 10.73 18
158.9991 211 3.6 -0.7 26.7 30.4 21.2 25.1 10.73 18
169.2954 115 3.6 -0.7 26.7 30.4 21.2 25.1 10.73 18
111.6926 13 3.6 -0.7 26.7 30.4 21.2 25.1 10.73 18
170.4886 208 3.6 -0.7 26.7 30.4 21.2 25.1 10.73 18
171.3227 4 3.6 -0.7 26.7 30.4 21.2 25.1 10.73 18
121.8066 223 3.6 -0.7 26.7 30.4 21.2 25.1 10.73 18
154.7176 216 3.6 -0.7 26.7 30.4 21.2 25.1 10.73 18
152.5777 26 3.6 -0.7 26.7 30.4 21.2 25.1 10.73 18
203.5546 112 3.6 -0.7 26.7 30.4 21.2 25.1 10.73 18
144.7277 120 3.6 -0.7 26.7 30.4 21.2 25.1 10.73 18
131.2514 119 3.6 -0.7 26.7 30.4 21.2 25.1 10.73 18
117.7454 14 3.6 -0.7 26.7 30.4 21.2 25.1 10.73 18
106.3867 67 3.6 -0.7 26.7 30.4 21.2 25.1 10.73 18
138.3722 57 3.6 -0.7 26.7 30.4 21.2 25.1 10.73 18
110.7469 239 3.6 -0.7 26.7 30.4 21.2 25.1 10.73 18
160.3168 172 3.6 -0.7 26.7 30.4 21.2 25.1 10.73 18
95.36257 294 3.6 -0.7 26.7 30.4 21.2 25.1 10.73 18
150.4532 293 3.6 -0.7 26.7 30.4 21.2 25.1 10.73 18
154.9879 315 3.6 -0.7 26.7 30.4 21.2 25.1 10.73 18
129.795 292 3.6 -0.7 26.7 30.4 21.2 25.1 10.73 18
79.82625 227 3.6 -0.7 26.7 30.4 21.2 25.1 10.73 18
157.2963 0 3.6 -0.7 26.7 30.4 21.2 25.1 10.73 18
169.5567 219 3.6 -0.7 26.7 30.4 21.2 25.1 10.73 18
125.724 99 3.6 -0.7 26.7 30.4 21.2 25.1 10.73 18
185.1568 164 3.6 -0.7 26.7 30.4 21.2 25.1 10.73 18
145.6066 39 3.6 -0.7 26.7 30.4 21.2 25.1 10.73 18
130.1535 32 3.6 -0.7 26.7 30.4 21.2 25.1 10.73 18
163.3244 46 3.6 -0.7 26.7 30.4 21.2 25.1 10.73 18
146.9183 21 3.6 -0.7 26.7 30.4 21.2 25.1 10.73 18
176.4114 34 3.6 -0.7 26.7 30.4 21.2 25.1 10.73 18
126.4779 28 3.6 -0.7 26.7 30.4 21.2 25.1 10.73 18
200.1644 71 3.6 -0.7 26.7 30.4 21.2 25.1 10.73 18
172.6996 24 3.6 -0.7 26.7 30.4 21.2 25.1 10.73 18
88.75637 182 3.6 -0.7 26.7 30.4 21.2 25.1 10.73 18
105.5326 9 3.6 -0.7 26.7 30.4 21.2 25.1 10.73 18
164.6526 108 3.6 -0.7 26.7 30.4 21.2 25.1 10.73 18
116.6105 169 3.6 -0.7 26.7 30.4 21.2 25.1 10.73 18
114.8066 60 3.6 -0.7 26.7 30.4 21.2 25.1 10.73 18
164.1824 38 3.6 -0.7 26.7 30.4 21.2 25.1 10.73 18
152.3597 37 3.6 -0.7 26.7 30.4 21.2 25.1 10.73 18
141.0668 48 3.6 -0.7 26.7 30.4 21.2 25.1 10.73 18
130.0784 35 3.6 -0.7 26.7 30.4 21.2 25.1 10.73 18
127.9825 33 3.6 -0.7 26.7 30.4 21.2 25.1 10.73 18
162.9491 25 3.6 -0.7 26.7 30.4 21.2 25.1 10.73 18
167.7929 27 3.6 -0.7 26.7 30.4 21.2 25.1 10.73 18
130.5695 23 3.6 -0.7 26.7 30.4 21.2 25.1 10.73 18
186.7574 50 3.6 -0.7 26.7 30.4 21.2 25.1 10.73 18
161.0606 49 3.6 -0.7 26.7 30.4 21.2 25.1 10.73 18
150.7369 82 3.6 -0.7 26.7 30.4 21.2 25.1 10.73 18
162.5613 47 3.6 -0.7 26.7 30.4 21.2 25.1 10.73 18
160.3986 29 3.6 -0.7 26.7 30.4 21.2 25.1 10.73 18
197.532 36 3.6 -0.7 26.7 30.4 21.2 25.1 10.73 18
87.59583 19 3.6 -0.7 26.7 30.4 21.2 25.1 10.73 18
186.7028 40 3.6 -0.7 26.7 30.4 21.2 25.1 10.73 18
165.1308 45 3.6 -0.7 26.7 30.4 21.2 25.1 10.73 18
187.1312 42 3.6 -0.7 26.7 30.4 21.2 25.1 10.73 18
200.8446 30 3.6 -0.7 26.7 30.4 21.2 25.1 10.73 18
167.8015 74 3.6 -0.7 26.7 30.4 21.2 25.1 10.73 18
161.1157 55 3.6 -0.7 26.7 30.4 21.2 25.1 10.73 18
171.956 56 3.6 -0.7 26.7 30.4 21.2 25.1 10.73 18
192.1492 210 3.6 -0.7 26.7 30.4 21.2 25.1 10.73 18
189.8399 181 3.6 -0.7 26.7 30.4 21.2 25.1 10.73 18
144.7722 205 3.6 -0.7 26.7 30.4 21.2 25.1 10.73 18
128.0851 113 3.6 -0.7 26.7 30.4 21.2 25.1 10.73 18
234.2347 112 3.6 -0.7 26.7 30.4 21.2 25.1 10.73 18
172.9283 114 3.6 -0.7 26.7 30.4 21.2 25.1 10.73 18
188.5531 187 3.6 -0.7 26.7 30.4 21.2 25.1 10.73 18
189.6534 209 3.6 -0.7 26.7 30.4 21.2 25.1 10.73 18
96.5779 185 3.6 -0.7 26.7 30.4 21.2 25.1 10.73 18
129.9449 119 3.6 -0.7 26.7 30.4 21.2 25.1 10.73 18
129.8653 12 3.6 -0.7 26.7 30.4 21.2 25.1 10.73 18
96.58382 11 3.6 -0.7 26.7 30.4 21.2 25.1 10.73 18
133.2358 181 3.6 -0.7 26.7 30.4 21.2 25.1 10.73 18
117.5469 188 3.6 -0.7 26.7 30.4 21.2 25.1 10.73 18
118.9438 53 3.6 -0.7 26.7 30.4 21.2 25.1 10.73 18
63.69629 123 3.6 -0.7 26.7 30.4 21.2 25.1 10.73 18
130.4144 209 3.6 -0.7 26.7 30.4 21.2 25.1 10.73 18
94.46504 114 3.6 -0.7 26.7 30.4 21.2 25.1 10.73 18
123.434 241 3.6 -0.7 26.7 30.4 21.2 25.1 10.73 18
148.4822 176 3.6 -0.7 26.7 30.4 21.2 25.1 10.73 18
148.8295 183 3.6 -0.7 26.7 30.4 21.2 25.1 10.73 18
40.19422 64 3.6 -0.7 26.7 30.4 21.2 25.1 10.73 18
107.3123 194 3.6 -0.7 26.7 30.4 21.2 25.1 10.73 18
141.2985 81 3.6 -0.7 26.7 30.4 21.2 25.1 10.73 18
85.10402 10 3.6 -0.7 26.7 30.4 21.2 25.1 10.73 18
87.96164 65 3.6 -0.7 26.7 30.4 21.2 25.1 10.73 18
132.5097 93 3.6 -0.7 26.7 30.4 21.2 25.1 10.73 18
138.9856 232 3.6 -0.7 26.7 30.4 21.2 25.1 10.73 18
113.3209 179 3.6 -0.7 26.7 30.4 21.2 25.1 10.73 18
85.88319 154 3.6 -0.7 26.7 30.4 21.2 25.1 10.73 18
100.7874 248 3.6 -0.7 26.7 30.4 21.2 25.1 10.73 18
135.5551 235 3.6 -0.7 26.7 30.4 21.2 25.1 10.73 18
131.2894 117 3.6 -0.7 26.7 30.4 21.2 25.1 10.73 18
116.5642 156 3.6 -0.7 26.7 30.4 21.2 25.1 10.73 18
155.8752 121 3.6 -0.7 26.7 30.4 21.2 25.1 10.73 18
202.4871 188 3.6 -0.7 26.7 30.4 21.2 25.1 10.73 18
207.0159 189 3.6 -0.7 26.7 30.4 21.2 25.1 10.73 18
143.5888 67 3.6 -0.7 26.7 30.4 21.2 25.1 10.73 18
158.8617 115 3.6 -0.7 26.7 30.4 21.2 25.1 10.73 18
116.405 15 3.6 -0.7 26.7 30.4 21.2 25.1 10.73 18
96.37494 11 3.6 -0.7 26.7 30.4 21.2 25.1 10.73 18
224.6363 211 3.6 -0.7 26.7 30.4 21.2 25.1 10.73 18
154.6815 1 3.6 -0.7 26.7 30.4 21.2 25.1 10.73 18
142.7123 54 3.6 -0.7 26.7 30.4 21.2 25.1 10.73 18
97.6957 6 3.6 -0.7 26.7 30.4 21.2 25.1 10.73 18
114.2971 18 3.6 -0.7 26.7 30.4 21.2 25.1 10.73 18
145.5715 201 3.6 -0.7 26.7 30.4 21.2 25.1 10.73 18
165.115 194 3.6 -0.7 26.7 30.4 21.2 25.1 10.73 18
156.3319 198 3.6 -0.7 26.7 30.4 21.2 25.1 10.73 18
150.1534 196 3.6 -0.7 26.7 30.4 21.2 25.1 10.73 18
139.9027 85 3.6 -0.7 26.7 30.4 21.2 25.1 10.73 18
128.1891 226 3.6 -0.7 26.7 30.4 21.2 25.1 10.73 18
155.9769 183 3.6 -0.7 26.7 30.4 21.2 25.1 10.73 18
140.4513 181 3.6 -0.7 26.7 30.4 21.2 25.1 10.73 18
151.1704 95 3.6 -0.7 26.7 30.4 21.2 25.1 10.73 18
89.1373 316 3.6 -0.7 26.7 30.4 21.2 25.1 10.73 18
165.0209 319 3.6 -0.7 26.7 30.4 21.2 25.1 10.73 18
99.47169 318 3.6 -0.7 26.7 30.4 21.2 25.1 10.73 18
149.5024 297 3.6 -0.7 26.7 30.4 21.2 25.1 10.73 18
103.8055 313 3.6 -0.7 26.7 30.4 21.2 25.1 10.73 18
118.3851 317 3.6 -0.7 26.7 30.4 21.2 25.1 10.73 18
81.33418 301 3.6 -0.7 26.7 30.4 21.2 25.1 10.73 18
81.04969 302 3.6 -0.7 26.7 30.4 21.2 25.1 10.73 18
98.97131 309 3.6 -0.7 26.7 30.4 21.2 25.1 10.73 18
48.91032 295 3.6 -0.7 26.7 30.4 21.2 25.1 10.73 18
79.45496 300 3.6 -0.7 26.7 30.4 21.2 25.1 10.73 18
176.6012 71 3.6 -0.7 26.7 30.4 21.2 25.1 10.73 18
103.1883 298 3.6 -0.7 26.7 30.4 21.2 25.1 10.73 18
130.0705 308 3.6 -0.7 26.7 30.4 21.2 25.1 10.73 18
116.9477 320 3.6 -0.7 26.7 30.4 21.2 25.1 10.73 18
100.2706 323 3.6 -0.7 26.7 30.4 21.2 25.1 10.73 18
105.8446 180 3.6 -0.7 26.7 30.4 21.2 25.1 10.73 18
141.3679 94 3.6 -0.7 26.7 30.4 21.2 25.1 10.73 18
140.4272 5 3.6 -0.7 26.7 30.4 21.2 25.1 10.73 18
121.0401 175 3.6 -0.7 26.7 30.4 21.2 25.1 10.73 18
174.0296 92 3.6 -0.7 26.7 30.4 21.2 25.1 10.73 18
153.541 88 3.6 -0.7 26.7 30.4 21.2 25.1 10.73 18
129.7062 165 3.6 -0.7 26.7 30.4 21.2 25.1 10.73 18
154.5139 178 3.6 -0.7 26.7 30.4 21.2 25.1 10.73 18
129.6927 63 3.6 -0.7 26.7 30.4 21.2 25.1 10.73 18
108.2495 202 3.6 -0.7 26.7 30.4 21.2 25.1 10.73 18
120.8933 58 3.6 -0.7 26.7 30.4 21.2 25.1 10.73 18
147.44 90 3.6 -0.7 26.7 30.4 21.2 25.1 10.73 18
112.9217 86 3.6 -0.7 26.7 30.4 21.2 25.1 10.73 18
105.2573 206 3.6 -0.7 26.7 30.4 21.2 25.1 10.73 18
158.1629 200 3.6 -0.7 26.7 30.4 21.2 25.1 10.73 18
154.0442 191 3.6 -0.7 26.7 30.4 21.2 25.1 10.73 18
115.3076 212 3.6 -0.7 26.7 30.4 21.2 25.1 10.73 18
150.5326 173 3.6 -0.7 26.7 30.4 21.2 25.1 10.73 18
146.1566 193 3.6 -0.7 26.7 30.4 21.2 25.1 10.73 18
116.0276 7 3.6 -0.7 26.7 30.4 21.2 25.1 10.73 18
118.734 167 3.6 -0.7 26.7 30.4 21.2 25.1 10.73 18
122.2781 184 3.6 -0.7 26.7 30.4 21.2 25.1 10.73 18
154.1676 84 3.6 -0.7 26.7 30.4 21.2 25.1 10.73 18
154.2761 199 3.6 -0.7 26.7 30.4 21.2 25.1 10.73 18
112.8123 100 3.6 -0.7 26.7 30.4 21.2 25.1 10.73 18
187.6506 219 3.6 -0.7 26.7 30.4 21.2 25.1 10.73 18
125.752 227 3.6 -0.7 26.7 30.4 21.2 25.1 10.73 18
165.8839 116 3.6 -0.7 26.7 30.4 21.2 25.1 10.73 18
105.1794 109 3.6 -0.7 26.7 30.4 21.2 25.1 10.73 18
159.2873 164 3.6 -0.7 26.7 30.4 21.2 25.1 10.73 18
147.9769 163 3.6 -0.7 26.7 30.4 21.2 25.1 10.73 18
133.7554 2 3.6 -0.7 26.7 30.4 21.2 25.1 10.73 18
150.7934 105 3.6 -0.7 26.7 30.4 21.2 25.1 10.73 18
150.1205 101 3.6 -0.7 26.7 30.4 21.2 25.1 10.73 18
73.18082 96 3.6 -0.7 26.7 30.4 21.2 25.1 10.73 18
90.93718 98 3.6 -0.7 26.7 30.4 21.2 25.1 10.73 18
100.8716 256 3.6 -0.7 26.7 30.4 21.2 25.1 10.73 18
194.9384 71 3.6 -0.7 26.7 30.4 21.2 25.1 10.73 18
186.2741 258 3.6 -0.7 26.7 30.4 21.2 25.1 10.73 18
140.5206 85 3.6 -0.7 26.7 30.4 21.2 25.1 10.73 18
129.3386 8 3.6 -0.7 26.7 30.4 21.2 25.1 10.73 18
113.2555 72 3.6 -0.7 26.7 30.4 21.2 25.1 10.73 18
135.4001 243 3.6 -0.7 26.7 30.4 21.2 25.1 10.73 18
114.2265 166 3.6 -0.7 26.7 30.4 21.2 25.1 10.73 18
178.3851 83 3.6 -0.7 26.7 30.4 21.2 25.1 10.73 18
134.6743 196 3.6 -0.7 26.7 30.4 21.2 25.1 10.73 18
126.6942 181 3.6 -0.7 26.7 30.4 21.2 25.1 10.73 18
149.324 87 3.6 -0.7 26.7 30.4 21.2 25.1 10.73 18
158.1446 242 3.6 -0.7 26.7 30.4 21.2 25.1 10.73 18
140.7531 6 3.6 -0.7 26.7 30.4 21.2 25.1 10.73 18
106.2791 234 3.6 -0.7 26.7 30.4 21.2 25.1 10.73 18
165.7516 174 3.6 -0.7 26.7 30.4 21.2 25.1 10.73 18
173.3313 91 3.6 -0.7 26.7 30.4 21.2 25.1 10.73 18
134.4781 201 3.6 -0.7 26.7 30.4 21.2 25.1 10.73 18
140.0491 61 3.6 -0.7 26.7 30.4 21.2 25.1 10.73 18
129.0226 229 3.6 -0.7 26.7 30.4 21.2 25.1 10.73 18
158.439 95 3.6 -0.7 26.7 30.4 21.2 25.1 10.73 18
131.2894 226 3.6 -0.7 26.7 30.4 21.2 25.1 10.73 18
155.4189 170 3.6 -0.7 26.7 30.4 21.2 25.1 10.73 18
162.1899 89 3.6 -0.7 26.7 30.4 21.2 25.1 10.73 18
131.5672 13 3.6 -0.7 26.7 30.4 21.2 25.1 10.73 18
171.0664 4 3.6 -0.7 26.7 30.4 21.2 25.1 10.73 18
41.32769 66 3.6 -0.7 26.7 30.4 21.2 25.1 10.73 18
133.5794 223 3.6 -0.7 26.7 30.4 21.2 25.1 10.73 18
77.00347 123 3.6 -0.7 26.7 30.4 21.2 25.1 10.73 18
200.5552 111 3.6 -0.7 26.7 30.4 21.2 25.1 10.73 18
170.1984 120 3.6 -0.7 26.7 30.4 21.2 25.1 10.73 18
149.2854 73 3.6 -0.7 26.7 30.4 21.2 25.1 10.73 18
190.6966 208 3.6 -0.7 26.7 30.4 21.2 25.1 10.73 18
114.2645 122 3.6 -0.7 26.7 30.4 21.2 25.1 10.73 18
161.4251 189 3.6 -0.7 26.7 30.4 21.2 25.1 10.73 18
23.28969 250 3.6 -0.7 26.7 30.4 21.2 25.1 10.73 18
140.9954 222 3.6 -0.7 26.7 30.4 21.2 25.1 10.73 18
76.94671 237 3.6 -0.7 26.7 30.4 21.2 25.1 10.73 18
134.0817 186 3.6 -0.7 26.7 30.4 21.2 25.1 10.73 18
148.6349 3 3.6 -0.7 26.7 30.4 21.2 25.1 10.73 18
63.00818 103 3.6 -0.7 26.7 30.4 21.2 25.1 10.73 18
123.4854 177 3.6 -0.7 26.7 30.4 21.2 25.1 10.73 18
131.4009 257 3.6 -0.7 26.7 30.4 21.2 25.1 10.73 18
160.2963 52 3.6 -0.7 26.7 30.4 21.2 25.1 10.73 18
187.036 192 3.6 -0.7 26.7 30.4 21.2 25.1 10.73 18
145.8665 59 3.6 -0.7 26.7 30.4 21.2 25.1 10.73 18
191.2915 122 3.6 -0.7 26.7 30.4 21.2 25.1 10.73 18
204.657 107 3.6 -0.7 26.7 30.4 21.2 25.1 10.73 18
160.8797 289 3.6 -0.7 26.7 30.4 21.2 25.1 10.73 18
123.8767 260 3.6 -0.7 26.7 30.4 21.2 25.1 10.73 18
113.7336 269 3.6 -0.7 26.7 30.4 21.2 25.1 10.73 18
91.96994 266 3.6 -0.7 26.7 30.4 21.2 25.1 10.73 18
109.6688 275 3.6 -0.7 26.7 30.4 21.2 25.1 10.73 18
116.0495 291 3.6 -0.7 26.7 30.4 21.2 25.1 10.73 18
124.1073 290 3.6 -0.7 26.7 30.4 21.2 25.1 10.73 18
117.9279 264 3.6 -0.7 26.7 30.4 21.2 25.1 10.73 18
115.1424 268 3.6 -0.7 26.7 30.4 21.2 25.1 10.73 18
99.64725 284 3.6 -0.7 26.7 30.4 21.2 25.1 10.73 18
140.6061 270 3.6 -0.7 26.7 30.4 21.2 25.1 10.73 18
152.1575 273 3.6 -0.7 26.7 30.4 21.2 25.1 10.73 18
142.4504 281 3.6 -0.7 26.7 30.4 21.2 25.1 10.73 18
129.7062 274 3.6 -0.7 26.7 30.4 21.2 25.1 10.73 18
120.1477 271 3.6 -0.7 26.7 30.4 21.2 25.1 10.73 18
97.52474 276 3.6 -0.7 26.7 30.4 21.2 25.1 10.73 18
81.2373 263 3.6 -0.7 26.7 30.4 21.2 25.1 10.73 18
139.2351 280 3.6 -0.7 26.7 30.4 21.2 25.1 10.73 18
165.0327 261 3.6 -0.7 26.7 30.4 21.2 25.1 10.73 18
159.0791 78 3.6 -0.7 26.7 30.4 21.2 25.1 10.73 18
92.73267 244 3.6 -0.7 26.7 30.4 21.2 25.1 10.73 18
123.4693 228 3.6 -0.7 26.7 30.4 21.2 25.1 10.73 18
135.6448 195 3.6 -0.7 26.7 30.4 21.2 25.1 10.73 18
151.1657 80 3.6 -0.7 26.7 30.4 21.2 25.1 10.73 18
120.4003 240 3.6 -0.7 26.7 30.4 21.2 25.1 10.73 18
80.84728 245 3.6 -0.7 26.7 30.4 21.2 25.1 10.73 18
124.6991 231 3.6 -0.7 26.7 30.4 21.2 25.1 10.73 18
124.4684 215 3.6 -0.7 26.7 30.4 21.2 25.1 10.73 18
106.4036 238 3.6 -0.7 26.7 30.4 21.2 25.1 10.73 18
95.9138 218 3.6 -0.7 26.7 30.4 21.2 25.1 10.73 18
117.3006 255 3.6 -0.7 26.7 30.4 21.2 25.1 10.73 18
149.954 171 3.6 -0.7 26.7 30.4 21.2 25.1 10.73 18
111.3285 225 3.6 -0.7 26.7 30.4 21.2 25.1 10.73 18
133.0478 253 3.6 -0.7 26.7 30.4 21.2 25.1 10.73 18
144.8757 77 3.6 -0.7 26.7 30.4 21.2 25.1 10.73 18
89.18387 104 3.6 -0.7 26.7 30.4 21.2 25.1 10.73 18
115.0484 155 3.6 -0.7 26.7 30.4 21.2 25.1 10.73 18
90.89685 259 3.6 -0.7 26.7 30.4 21.2 25.1 10.73 18
125.7289 102 3.6 -0.7 26.7 30.4 21.2 25.1 10.73 18
146.7042 118 3.6 -0.7 26.7 30.4 21.2 25.1 10.73 18
129.2867 249 3.6 -0.7 26.7 30.4 21.2 25.1 10.73 18
78.33913 252 3.6 -0.7 26.7 30.4 21.2 25.1 10.73 18
47.43153 236 3.6 -0.7 26.7 30.4 21.2 25.1 10.73 18
159.0956 76 3.6 -0.7 26.7 30.4 21.2 25.1 10.73 18
83.58622 246 3.6 -0.7 26.7 30.4 21.2 25.1 10.73 18
145.213 254 3.6 -0.7 26.7 30.4 21.2 25.1 10.73 18
172.2204 75 3.6 -0.7 26.7 30.4 21.2 25.1 10.73 18
62.80227 233 3.6 -0.7 26.7 30.4 21.2 25.1 10.73 18
137.599 251 3.6 -0.7 26.7 30.4 21.2 25.1 10.73 18
144.6875 79 3.6 -0.7 26.7 30.4 21.2 25.1 10.73 18
106.0182 247 3.6 -0.7 26.7 30.4 21.2 25.1 10.73 18
121.6692 207 3.6 -0.7 26.7 30.4 21.2 25.1 10.73 18
189.3714 190 3.6 -0.7 26.7 30.4 21.2 25.1 10.73 18
131.7785 99 3.6 -0.7 26.7 30.4 21.2 25.1 10.73 18
131.4973 68 3.6 -0.7 26.7 30.4 21.2 25.1 10.73 18
160.4859 0 3.6 -0.7 26.7 30.4 21.2 25.1 10.73 18
157.1425 220 3.6 -0.7 26.7 30.4 21.2 25.1 10.73 18
106.4534 97 3.6 -0.7 26.7 30.4 21.2 25.1 10.73 18
176.6696 106 3.6 -0.7 26.7 30.4 21.2 25.1 10.73 18
143.0146 110 3.6 -0.7 26.7 30.4 21.2 25.1 10.73 18
101.9496 252 3.6 -0.7 26.7 30.4 21.2 25.1 10.73 18
89.29401 233 3.6 -0.7 26.7 30.4 21.2 25.1 10.73 18
92.22659 245 3.6 -0.7 26.7 30.4 21.2 25.1 10.73 18
136.1322 171 3.6 -0.7 26.7 30.4 21.2 25.1 10.73 18
138.246 79 3.6 -0.7 26.7 30.4 21.2 25.1 10.73 18
132.6638 80 3.6 -0.7 26.7 30.4 21.2 25.1 10.73 18
134.142 197 3.6 -0.7 26.7 30.4 21.2 25.1 10.73 18
110.9958 231 3.6 -0.7 26.7 30.4 21.2 25.1 10.73 18
78.73683 244 3.6 -0.7 26.7 30.4 21.2 25.1 10.73 18
173.6173 71 3.6 -0.7 26.7 30.4 21.2 25.1 10.73 18
132.9998 75 3.6 -0.7 26.7 30.4 21.2 25.1 10.73 18
159.7365 240 3.6 -0.7 26.7 30.4 21.2 25.1 10.73 18
110.0245 77 3.6 -0.7 26.7 30.4 21.2 25.1 10.73 18
125.4206 254 3.6 -0.7 26.7 30.4 21.2 25.1 10.73 18
106.8755 255 3.6 -0.7 26.7 30.4 21.2 25.1 10.73 18
104.683 238 3.6 -0.7 26.7 30.4 21.2 25.1 10.73 18
136.1147 251 3.6 -0.7 26.7 30.4 21.2 25.1 10.73 18
105.6273 155 3.6 -0.7 26.7 30.4 21.2 25.1 10.73 18
138.2094 78 3.6 -0.7 26.7 30.4 21.2 25.1 10.73 18
191.5753 76 3.6 -0.7 26.7 30.4 21.2 25.1 10.73 18
118.7498 215 3.6 -0.7 26.7 30.4 21.2 25.1 10.73 18
96.73461 253 3.6 -0.7 26.7 30.4 21.2 25.1 10.73 18
122.8738 118 3.6 -0.7 26.7 30.4 21.2 25.1 10.73 18
84.2558 218 3.6 -0.7 26.7 30.4 21.2 25.1 10.73 18
15.61095 169 3.6 -0.7 26.7 30.4 21.2 25.1 10.73 18
166.9441 173 3.6 -0.7 26.7 30.4 21.2 25.1 10.73 18
102.8972 202 3.6 -0.7 26.7 30.4 21.2 25.1 10.73 18
104.8398 167 3.6 -0.7 26.7 30.4 21.2 25.1 10.73 18
83.96956 71 3.6 -0.7 26.7 30.4 21.2 25.1 10.73 18
93.10078 182 3.6 -0.7 26.7 30.4 21.2 25.1 10.73 18
108.0367 178 3.6 -0.7 26.7 30.4 21.2 25.1 10.73 18
117.6703 184 3.6 -0.7 26.7 30.4 21.2 25.1 10.73 18
141.9343 200 3.6 -0.7 26.7 30.4 21.2 25.1 10.73 18
73.95736 191 3.6 -0.7 26.7 30.4 21.2 25.1 10.73 18
126.8278 7 3.6 -0.7 26.7 30.4 21.2 25.1 10.73 18
112.9823 165 3.6 -0.7 26.7 30.4 21.2 25.1 10.73 18
89.54332 108 3.6 -0.7 26.7 30.4 21.2 25.1 10.73 18
72.96471 180 3.6 -0.7 26.7 30.4 21.2 25.1 10.73 18
101.2396 88 3.6 -0.7 26.7 30.4 21.2 25.1 10.73 18
138.2094 18 3.6 -0.7 26.7 30.4 21.2 25.1 10.73 18
145.49 204 3.6 -0.7 26.7 30.4 21.2 25.1 10.73 18
190.2824 71 3.6 -0.7 26.7 30.4 21.2 25.1 10.73 18
131.935 198 3.6 -0.7 26.7 30.4 21.2 25.1 10.73 18
151.7357 62 3.6 -0.7 26.7 30.4 21.2 25.1 10.73 18
139.4497 221 3.6 -0.7 26.7 30.4 21.2 25.1 10.73 18
135.6169 168 3.6 -0.7 26.7 30.4 21.2 25.1 10.73 18
114.4101 213 3.6 -0.7 26.7 30.4 21.2 25.1 10.73 18
150.5446 230 3.6 -0.7 26.7 30.4 21.2 25.1 10.73 18
75.8048 14 3.6 -0.7 26.7 30.4 21.2 25.1 10.73 18
174.3701 51 3.6 -0.7 26.7 30.4 21.2 25.1 10.73 18
152.2897 17 3.6 -0.7 26.7 30.4 21.2 25.1 10.73 18
173.0453 53 3.6 -0.7 26.7 30.4 21.2 25.1 10.73 18
125.0867 216 3.6 -0.7 26.7 30.4 21.2 25.1 10.73 18
135.4931 12 3.6 -0.7 26.7 30.4 21.2 25.1 10.73 18
121.9967 186 3.6 -0.7 26.7 30.4 21.2 25.1 10.73 18
139.5833 57 3.6 -0.7 26.7 30.4 21.2 25.1 10.73 18
145.854 154 3.6 -0.7 26.7 30.4 21.2 25.1 10.73 18
122.4641 156 3.6 -0.7 26.7 30.4 21.2 25.1 10.73 18
82.85198 248 3.6 -0.7 26.7 30.4 21.2 25.1 10.73 18
89.35461 179 3.6 -0.7 26.7 30.4 21.2 25.1 10.73 18
93.49277 131 3.6 -0.7 26.7 30.4 21.2 25.1 10.73 18
87.04537 126 3.6 -0.7 26.7 30.4 21.2 25.1 10.73 18
106.6263 129 3.6 -0.7 26.7 30.4 21.2 25.1 10.73 18
119.5927 124 3.6 -0.7 26.7 30.4 21.2 25.1 10.73 18
80.19753 146 3.6 -0.7 26.7 30.4 21.2 25.1 10.73 18
115.7258 148 3.6 -0.7 26.7 30.4 21.2 25.1 10.73 18
108.854 149 3.6 -0.7 26.7 30.4 21.2 25.1 10.73 18
201.64 71 3.6 -0.7 26.7 30.4 21.2 25.1 10.73 18
148.8442 150 3.6 -0.7 26.7 30.4 21.2 25.1 10.73 18
106.7505 140 3.6 -0.7 26.7 30.4 21.2 25.1 10.73 18
109.9849 151 3.6 -0.7 26.7 30.4 21.2 25.1 10.73 18
87.93139 139 3.6 -0.7 26.7 30.4 21.2 25.1 10.73 18
98.19542 153 3.6 -0.7 26.7 30.4 21.2 25.1 10.73 18
145.0038 135 3.6 -0.7 26.7 30.4 21.2 25.1 10.73 18
128.1029 144 3.6 -0.7 26.7 30.4 21.2 25.1 10.73 18
96.54327 142 3.6 -0.7 26.7 30.4 21.2 25.1 10.73 18
102.7027 132 3.6 -0.7 26.7 30.4 21.2 25.1 10.73 18
125.733 137 3.6 -0.7 26.7 30.4 21.2 25.1 10.73 18
108.95 143 3.6 -0.7 26.7 30.4 21.2 25.1 10.73 18
107.1234 130 3.6 -0.7 26.7 30.4 21.2 25.1 10.73 18
111.2397 147 3.6 -0.7 26.7 30.4 21.2 25.1 10.73 18
103.5885 128 3.6 -0.7 26.7 30.4 21.2 25.1 10.73 18
110.0211 141 3.6 -0.7 26.7 30.4 21.2 25.1 10.73 18
114.5276 133 3.6 -0.7 26.7 30.4 21.2 25.1 10.73 18
125.8537 138 3.6 -0.7 26.7 30.4 21.2 25.1 10.73 18
122.0944 125 3.6 -0.7 26.7 30.4 21.2 25.1 10.73 18
108.9181 145 3.6 -0.7 26.7 30.4 21.2 25.1 10.73 18
131.5874 136 3.6 -0.7 26.7 30.4 21.2 25.1 10.73 18
81.98776 152 3.6 -0.7 26.7 30.4 21.2 25.1 10.73 18
95.58306 127 3.6 -0.7 26.7 30.4 21.2 25.1 10.73 18
108.0222 134 3.6 -0.7 26.7 30.4 21.2 25.1 10.73 18
91.43273 109 3.6 -0.7 26.7 30.4 21.2 25.1 10.73 18
72.40055 100 3.6 -0.7 26.7 30.4 21.2 25.1 10.73 18
117.178 97 3.6 -0.7 26.7 30.4 21.2 25.1 10.73 18
195.807 163 3.6 -0.7 26.7 30.4 21.2 25.1 10.73 18
202.722 116 3.6 -0.7 26.7 30.4 21.2 25.1 10.73 18
158.4179 190 3.6 -0.7 26.7 30.4 21.2 25.1 10.73 18
155.9963 105 3.6 -0.7 26.7 30.4 21.2 25.1 10.73 18
117.3877 258 3.6 -0.7 26.7 30.4 21.2 25.1 10.73 18
64.4999 96 3.6 -0.7 26.7 30.4 21.2 25.1 10.73 18
174.6102 101 3.6 -0.7 26.7 30.4 21.2 25.1 10.73 18
165.8236 2 3.6 -0.7 26.7 30.4 21.2 25.1 10.73 18
155.0184 106 3.6 -0.7 26.7 30.4 21.2 25.1 10.73 18
156.5879 220 3.6 -0.7 26.7 30.4 21.2 25.1 10.73 18
136.7854 110 3.6 -0.7 26.7 30.4 21.2 25.1 10.73 18
80.01189 256 3.6 -0.7 26.7 30.4 21.2 25.1 10.73 18
99.39103 98 3.6 -0.7 26.7 30.4 21.2 25.1 10.73 18
111.1829 68 3.6 -0.7 26.7 30.4 21.2 25.1 10.73 18
173.0892 199 3.6 -0.7 26.7 30.4 21.2 25.1 10.73 18
50.23305 104 3.6 -0.7 26.7 30.4 21.2 25.1 10.73 18
124.2711 207 3.6 -0.7 26.7 30.4 21.2 25.1 10.73 18
49.06484 236 3.6 -0.7 26.7 30.4 21.2 25.1 10.73 18
118.2054 102 3.6 -0.7 26.7 30.4 21.2 25.1 10.73 18
129.0046 249 3.6 -0.7 26.7 30.4 21.2 25.1 10.73 18
150.2139 195 3.6 -0.7 26.7 30.4 21.2 25.1 10.73 18
115.8539 247 3.6 -0.7 26.7 30.4 21.2 25.1 10.73 18
120.4429 225 3.6 -0.7 26.7 30.4 21.2 25.1 10.73 18
139.2954 197 3.6 -0.7 26.7 30.4 21.2 25.1 10.73 18
64.20094 228 3.6 -0.7 26.7 30.4 21.2 25.1 10.73 18
64.61409 259 3.6 -0.7 26.7 30.4 21.2 25.1 10.73 18
153.8384 175 3.6 -0.7 26.7 30.4 21.2 25.1 10.73 18
153.269 193 3.6 -0.7 26.7 30.4 21.2 25.1 10.73 18
87.79199 212 3.6 -0.7 26.7 30.4 21.2 25.1 10.73 18
124.2301 84 3.6 -0.7 26.7 30.4 21.2 25.1 10.73 18
134.3228 9 3.6 -0.7 26.7 30.4 21.2 25.1 10.73 18
104.6093 239 3.6 -0.7 26.7 30.4 21.2 25.1 10.73 18
109.7712 222 3.6 -0.7 26.7 30.4 21.2 25.1 10.73 18
96.80869 103 3.6 -0.7 26.7 30.4 21.2 25.1 10.73 18
178.6515 283 3.6 -0.7 26.7 30.4 21.2 25.1 10.73 18
183.7794 265 3.6 -0.7 26.7 30.4 21.2 25.1 10.73 18
131.5738 278 3.6 -0.7 26.7 30.4 21.2 25.1 10.73 18
178.4008 287 3.6 -0.7 26.7 30.4 21.2 25.1 10.73 18
119.2707 262 3.6 -0.7 26.7 30.4 21.2 25.1 10.73 18
109.8955 282 3.6 -0.7 26.7 30.4 21.2 25.1 10.73 18
121.5535 272 3.6 -0.7 26.7 30.4 21.2 25.1 10.73 18
109.071 285 3.6 -0.7 26.7 30.4 21.2 25.1 10.73 18
168.0064 71 3.6 -0.7 26.7 30.4 21.2 25.1 10.73 18
126.7046 286 3.6 -0.7 26.7 30.4 21.2 25.1 10.73 18
126.5227 58 3.6 -0.7 26.7 30.4 21.2 25.1 10.73 18
144.4822 92 3.6 -0.7 26.7 30.4 21.2 25.1 10.73 18
173.0827 90 3.6 -0.7 26.7 30.4 21.2 25.1 10.73 18
154.862 94 3.6 -0.7 26.7 30.4 21.2 25.1 10.73 18
119.7681 86 3.6 -0.7 26.7 30.4 21.2 25.1 10.73 18
102.9592 5 3.6 -0.7 26.7 30.4 21.2 25.1 10.73 18
149.9132 166 3.6 -0.7 26.7 30.4 21.2 25.1 10.73 18
174.7466 174 3.6 -0.7 26.7 30.4 21.2 25.1 10.73 18
179.4447 87 3.6 -0.7 26.7 30.4 21.2 25.1 10.73 18
165.323 243 3.6 -0.7 26.7 30.4 21.2 25.1 10.73 18
152.7693 170 3.6 -0.7 26.7 30.4 21.2 25.1 10.73 18
65.75907 246 3.6 -0.7 26.7 30.4 21.2 25.1 10.73 18
183.9744 82 3.6 -0.7 26.7 30.4 21.2 25.1 10.73 18
144.3481 221 3.6 -0.7 26.7 30.4 21.2 25.1 10.73 18
134.3324 229 3.6 -0.7 26.7 30.4 21.2 25.1 10.73 18
138.042 89 3.6 -0.7 26.7 30.4 21.2 25.1 10.73 18
123.5113 168 3.6 -0.7 26.7 30.4 21.2 25.1 10.73 18
184.8161 93 3.6 -0.7 26.7 30.4 21.2 25.1 10.73 18
137.9908 176 3.6 -0.7 26.7 30.4 21.2 25.1 10.73 18
107.1904 8 3.6 -0.7 26.7 30.4 21.2 25.1 10.73 18
96.11314 81 3.6 -0.7 26.7 30.4 21.2 25.1 10.73 18
161.3419 83 3.6 -0.7 26.7 30.4 21.2 25.1 10.73 18
152.5214 232 3.6 -0.7 26.7 30.4 21.2 25.1 10.73 18
122.3322 72 3.6 -0.7 26.7 30.4 21.2 25.1 10.73 18
121.9421 234 3.6 -0.7 26.7 30.4 21.2 25.1 10.73 18
163.7971 177 3.6 -0.7 26.7 30.4 21.2 25.1 10.73 18
155.167 117 3.6 -0.7 26.7 30.4 21.2 25.1 10.73 18
103.3759 288 3.6 -0.7 26.7 30.4 21.2 25.1 10.73 18
94.90559 267 3.6 -0.7 26.7 30.4 21.2 25.1 10.73 18
68.04551 279 3.6 -0.7 26.7 30.4 21.2 25.1 10.73 18
140.946 277 3.6 -0.7 26.7 30.4 21.2 25.1 10.73 18
99.19355 213 3.6 -0.7 26.7 30.4 21.2 25.1 10.73 18
142.6422 91 3.6 -0.7 26.7 30.4 21.2 25.1 10.73 18
196.2453 71 3.6 -0.7 26.7 30.4 21.2 25.1 10.73 18
165.5758 235 3.6 -0.7 26.7 30.4 21.2 25.1 10.73 18
54.74337 250 3.6 -0.7 26.7 30.4 21.2 25.1 10.73 18
129.3031 237 3.6 -0.7 26.7 30.4 21.2 25.1 10.73 18
156.8573 172 3.6 -0.7 26.7 30.4 21.2 25.1 10.73 18
108.0592 10 3.6 -0.7 26.7 30.4 21.2 25.1 10.73 18
182.9299 204 3.6 -0.7 26.7 30.4 21.2 25.1 10.73 18
179.5695 242 3.6 -0.7 26.7 30.4 21.2 25.1 10.73 18
142.9206 241 3.6 -0.7 26.7 30.4 21.2 25.1 10.73 18
146.589 3 3.6 -0.7 26.7 30.4 21.2 25.1 10.73 18
183.498 71 2.83 -6.72 8.5 32.5 23.22 7.366 12.07 17
130.8462 185 2.83 -6.72 8.5 32.5 23.22 7.366 12.07 17
135.3524 205 2.83 -6.72 8.5 32.5 23.22 7.366 12.07 17
201.6774 112 2.83 -6.72 8.5 32.5 23.22 7.366 12.07 17
138.887 13 2.83 -6.72 8.5 32.5 23.22 7.366 12.07 17
142.3027 230 2.83 -6.72 8.5 32.5 23.22 7.366 12.07 17
163.961 111 2.83 -6.72 8.5 32.5 23.22 7.366 12.07 17
97.79828 67 2.83 -6.72 8.5 32.5 23.22 7.366 12.07 17
151.3077 119 2.83 -6.72 8.5 32.5 23.22 7.366 12.07 17
113.8732 115 2.83 -6.72 8.5 32.5 23.22 7.366 12.07 17
164.7469 1 2.83 -6.72 8.5 32.5 23.22 7.366 12.07 17
75.85836 14 2.83 -6.72 8.5 32.5 23.22 7.366 12.07 17
126.3443 208 2.83 -6.72 8.5 32.5 23.22 7.366 12.07 17
135.8232 12 2.83 -6.72 8.5 32.5 23.22 7.366 12.07 17
132.7052 216 2.83 -6.72 8.5 32.5 23.22 7.366 12.07 17
179.7874 56 2.83 -6.72 8.5 32.5 23.22 7.366 12.07 17
151.3433 53 2.83 -6.72 8.5 32.5 23.22 7.366 12.07 17
59.5875 123 2.83 -6.72 8.5 32.5 23.22 7.366 12.07 17
123.1589 209 2.83 -6.72 8.5 32.5 23.22 7.366 12.07 17
177.9067 211 2.83 -6.72 8.5 32.5 23.22 7.366 12.07 17
142.1838 122 2.83 -6.72 8.5 32.5 23.22 7.366 12.07 17
142.2139 223 2.83 -6.72 8.5 32.5 23.22 7.366 12.07 17
176.889 4 2.83 -6.72 8.5 32.5 23.22 7.366 12.07 17
161.7561 210 2.83 -6.72 8.5 32.5 23.22 7.366 12.07 17
107.7188 15 2.83 -6.72 8.5 32.5 23.22 7.366 12.07 17
121.6329 192 2.83 -6.72 8.5 32.5 23.22 7.366 12.07 17
104.0061 257 2.83 -6.72 8.5 32.5 23.22 7.366 12.07 17
150.0198 55 2.83 -6.72 8.5 32.5 23.22 7.366 12.07 17
104.271 107 2.83 -6.72 8.5 32.5 23.22 7.366 12.07 17
152.9076 74 2.83 -6.72 8.5 32.5 23.22 7.366 12.07 17
124.2926 59 2.83 -6.72 8.5 32.5 23.22 7.366 12.07 17
118.734 114 2.83 -6.72 8.5 32.5 23.22 7.366 12.07 17
146.9525 52 2.83 -6.72 8.5 32.5 23.22 7.366 12.07 17
144.8362 181 2.83 -6.72 8.5 32.5 23.22 7.366 12.07 17
136.2866 188 2.83 -6.72 8.5 32.5 23.22 7.366 12.07 17
156.3293 187 2.83 -6.72 8.5 32.5 23.22 7.366 12.07 17
118.3981 120 2.83 -6.72 8.5 32.5 23.22 7.366 12.07 17
174.256 54 2.83 -6.72 8.5 32.5 23.22 7.366 12.07 17
157.4011 73 2.83 -6.72 8.5 32.5 23.22 7.366 12.07 17
94.22114 102 2.83 -6.72 8.5 32.5 23.22 7.366 12.07 17
131.5076 253 2.83 -6.72 8.5 32.5 23.22 7.366 12.07 17
116.7811 75 2.83 -6.72 8.5 32.5 23.22 7.366 12.07 17
137.2521 218 2.83 -6.72 8.5 32.5 23.22 7.366 12.07 17
139.5098 236 2.83 -6.72 8.5 32.5 23.22 7.366 12.07 17
128.012 215 2.83 -6.72 8.5 32.5 23.22 7.366 12.07 17
80.47247 255 2.83 -6.72 8.5 32.5 23.22 7.366 12.07 17
111.7663 247 2.83 -6.72 8.5 32.5 23.22 7.366 12.07 17
126.4439 228 2.83 -6.72 8.5 32.5 23.22 7.366 12.07 17
98.3783 104 2.83 -6.72 8.5 32.5 23.22 7.366 12.07 17
146.6237 76 2.83 -6.72 8.5 32.5 23.22 7.366 12.07 17
135.0773 240 2.83 -6.72 8.5 32.5 23.22 7.366 12.07 17
77.50692 246 2.83 -6.72 8.5 32.5 23.22 7.366 12.07 17
116.4365 259 2.83 -6.72 8.5 32.5 23.22 7.366 12.07 17
75.14613 195 2.83 -6.72 8.5 32.5 23.22 7.366 12.07 17
82.78644 251 2.83 -6.72 8.5 32.5 23.22 7.366 12.07 17
170.9567 79 2.83 -6.72 8.5 32.5 23.22 7.366 12.07 17
94.02607 118 2.83 -6.72 8.5 32.5 23.22 7.366 12.07 17
154.7114 171 2.83 -6.72 8.5 32.5 23.22 7.366 12.07 17
138.4164 78 2.83 -6.72 8.5 32.5 23.22 7.366 12.07 17
179.5051 225 2.83 -6.72 8.5 32.5 23.22 7.366 12.07 17
126.1693 254 2.83 -6.72 8.5 32.5 23.22 7.366 12.07 17
128.0103 249 2.83 -6.72 8.5 32.5 23.22 7.366 12.07 17
99.27623 245 2.83 -6.72 8.5 32.5 23.22 7.366 12.07 17
134.3916 197 2.83 -6.72 8.5 32.5 23.22 7.366 12.07 17
97.13198 156 2.83 -6.72 8.5 32.5 23.22 7.366 12.07 17
114.3137 248 2.83 -6.72 8.5 32.5 23.22 7.366 12.07 17
110.7016 186 2.83 -6.72 8.5 32.5 23.22 7.366 12.07 17
177.4631 177 2.83 -6.72 8.5 32.5 23.22 7.366 12.07 17
134.3536 239 2.83 -6.72 8.5 32.5 23.22 7.366 12.07 17
165.2353 235 2.83 -6.72 8.5 32.5 23.22 7.366 12.07 17
154.0938 3 2.83 -6.72 8.5 32.5 23.22 7.366 12.07 17
147.4486 172 2.83 -6.72 8.5 32.5 23.22 7.366 12.07 17
110.1388 250 2.83 -6.72 8.5 32.5 23.22 7.366 12.07 17
167.4359 237 2.83 -6.72 8.5 32.5 23.22 7.366 12.07 17
182.5904 154 2.83 -6.72 8.5 32.5 23.22 7.366 12.07 17
159.362 103 2.83 -6.72 8.5 32.5 23.22 7.366 12.07 17
169.6898 179 2.83 -6.72 8.5 32.5 23.22 7.366 12.07 17
142.8574 117 2.83 -6.72 8.5 32.5 23.22 7.366 12.07 17
208.4554 71 2.83 -6.72 8.5 32.5 23.22 7.366 12.07 17
154.5604 57 2.83 -6.72 8.5 32.5 23.22 7.366 12.07 17
165.9841 222 2.83 -6.72 8.5 32.5 23.22 7.366 12.07 17
83.5981 292 2.83 -6.72 8.5 32.5 23.22 7.366 12.07 17
136.0007 309 2.83 -6.72 8.5 32.5 23.22 7.366 12.07 17
127.4888 294 2.83 -6.72 8.5 32.5 23.22 7.366 12.07 17
111.7153 301 2.83 -6.72 8.5 32.5 23.22 7.366 12.07 17
123.818 316 2.83 -6.72 8.5 32.5 23.22 7.366 12.07 17
142.182 319 2.83 -6.72 8.5 32.5 23.22 7.366 12.07 17
90.87467 295 2.83 -6.72 8.5 32.5 23.22 7.366 12.07 17
144.212 310 2.83 -6.72 8.5 32.5 23.22 7.366 12.07 17
121.6825 320 2.83 -6.72 8.5 32.5 23.22 7.366 12.07 17
115.7304 317 2.83 -6.72 8.5 32.5 23.22 7.366 12.07 17
102.234 314 2.83 -6.72 8.5 32.5 23.22 7.366 12.07 17
113.694 299 2.83 -6.72 8.5 32.5 23.22 7.366 12.07 17
134.2007 311 2.83 -6.72 8.5 32.5 23.22 7.366 12.07 17
139.9532 322 2.83 -6.72 8.5 32.5 23.22 7.366 12.07 17
71.80009 321 2.83 -6.72 8.5 32.5 23.22 7.366 12.07 17
113.451 306 2.83 -6.72 8.5 32.5 23.22 7.366 12.07 17
119.2162 318 2.83 -6.72 8.5 32.5 23.22 7.366 12.07 17
109.0361 308 2.83 -6.72 8.5 32.5 23.22 7.366 12.07 17
85.10103 313 2.83 -6.72 8.5 32.5 23.22 7.366 12.07 17
216.6911 71 2.83 -6.72 8.5 32.5 23.22 7.366 12.07 17
93.95041 296 2.83 -6.72 8.5 32.5 23.22 7.366 12.07 17
162.2654 305 2.83 -6.72 8.5 32.5 23.22 7.366 12.07 17
125.8424 297 2.83 -6.72 8.5 32.5 23.22 7.366 12.07 17
164.4591 323 2.83 -6.72 8.5 32.5 23.22 7.366 12.07 17
122.8668 303 2.83 -6.72 8.5 32.5 23.22 7.366 12.07 17
122.5372 293 2.83 -6.72 8.5 32.5 23.22 7.366 12.07 17
114.7657 307 2.83 -6.72 8.5 32.5 23.22 7.366 12.07 17
69.72151 298 2.83 -6.72 8.5 32.5 23.22 7.366 12.07 17
84.45964 304 2.83 -6.72 8.5 32.5 23.22 7.366 12.07 17
109.789 302 2.83 -6.72 8.5 32.5 23.22 7.366 12.07 17
149.6866 315 2.83 -6.72 8.5 32.5 23.22 7.366 12.07 17
159.7928 69 2.83 -6.72 8.5 32.5 23.22 7.366 12.07 17
149.2434 157 2.83 -6.72 8.5 32.5 23.22 7.366 12.07 17
135.2244 162 2.83 -6.72 8.5 32.5 23.22 7.366 12.07 17
165.7754 214 2.83 -6.72 8.5 32.5 23.22 7.366 12.07 17
119.4147 158 2.83 -6.72 8.5 32.5 23.22 7.366 12.07 17
162.5281 71 2.83 -6.72 8.5 32.5 23.22 7.366 12.07 17
177.6371 160 2.83 -6.72 8.5 32.5 23.22 7.366 12.07 17
81.94831 159 2.83 -6.72 8.5 32.5 23.22 7.366 12.07 17
168.8693 224 2.83 -6.72 8.5 32.5 23.22 7.366 12.07 17
153.6251 161 2.83 -6.72 8.5 32.5 23.22 7.366 12.07 17
152.8666 16 2.83 -6.72 8.5 32.5 23.22 7.366 12.07 17
130.8662 70 2.83 -6.72 8.5 32.5 23.22 7.366 12.07 17
106.0211 203 2.83 -6.72 8.5 32.5 23.22 7.366 12.07 17
131.3503 91 2.83 -6.72 8.5 32.5 23.22 7.366 12.07 17
96.10886 8 2.83 -6.72 8.5 32.5 23.22 7.366 12.07 17
115.573 64 2.83 -6.72 8.5 32.5 23.22 7.366 12.07 17
153.6304 229 2.83 -6.72 8.5 32.5 23.22 7.366 12.07 17
145.2026 82 2.83 -6.72 8.5 32.5 23.22 7.366 12.07 17
150.2016 232 2.83 -6.72 8.5 32.5 23.22 7.366 12.07 17
128.6632 221 2.83 -6.72 8.5 32.5 23.22 7.366 12.07 17
121.6657 61 2.83 -6.72 8.5 32.5 23.22 7.366 12.07 17
115.6576 166 2.83 -6.72 8.5 32.5 23.22 7.366 12.07 17
147.977 89 2.83 -6.72 8.5 32.5 23.22 7.366 12.07 17
124.6676 196 2.83 -6.72 8.5 32.5 23.22 7.366 12.07 17
189.0812 71 2.83 -6.72 8.5 32.5 23.22 7.366 12.07 17
136.4552 93 2.83 -6.72 8.5 32.5 23.22 7.366 12.07 17
119.8392 95 2.83 -6.72 8.5 32.5 23.22 7.366 12.07 17
148.485 18 2.83 -6.72 8.5 32.5 23.22 7.366 12.07 17
93.23344 72 2.83 -6.72 8.5 32.5 23.22 7.366 12.07 17
164.5091 10 2.83 -6.72 8.5 32.5 23.22 7.366 12.07 17
102.7242 198 2.83 -6.72 8.5 32.5 23.22 7.366 12.07 17
141.3185 189 2.83 -6.72 8.5 32.5 23.22 7.366 12.07 17
127.9761 17 2.83 -6.72 8.5 32.5 23.22 7.366 12.07 17
140.6092 113 2.83 -6.72 8.5 32.5 23.22 7.366 12.07 17
154.198 121 2.83 -6.72 8.5 32.5 23.22 7.366 12.07 17
162.4259 51 2.83 -6.72 8.5 32.5 23.22 7.366 12.07 17
174.1085 233 2.83 -6.72 8.5 32.5 23.22 7.366 12.07 17
152.8501 252 2.83 -6.72 8.5 32.5 23.22 7.366 12.07 17
124.6183 238 2.83 -6.72 8.5 32.5 23.22 7.366 12.07 17
138.3381 80 2.83 -6.72 8.5 32.5 23.22 7.366 12.07 17
168.2239 155 2.83 -6.72 8.5 32.5 23.22 7.366 12.07 17
136.1417 207 2.83 -6.72 8.5 32.5 23.22 7.366 12.07 17
153.6841 231 2.83 -6.72 8.5 32.5 23.22 7.366 12.07 17
127.3526 77 2.83 -6.72 8.5 32.5 23.22 7.366 12.07 17
123.151 244 2.83 -6.72 8.5 32.5 23.22 7.366 12.07 17
146.6514 194 2.83 -6.72 8.5 32.5 23.22 7.366 12.07 17
143.9965 201 2.83 -6.72 8.5 32.5 23.22 7.366 12.07 17
158.183 6 2.83 -6.72 8.5 32.5 23.22 7.366 12.07 17
187.1228 211 2.83 -6.72 8.5 32.5 23.22 7.366 12.07 17
142.1768 185 2.83 -6.72 8.5 32.5 23.22 7.366 12.07 17
149.8003 59 2.83 -6.72 8.5 32.5 23.22 7.366 12.07 17
168.7146 12 2.83 -6.72 8.5 32.5 23.22 7.366 12.07 17
128.9003 257 2.83 -6.72 8.5 32.5 23.22 7.366 12.07 17
148.9768 4 2.83 -6.72 8.5 32.5 23.22 7.366 12.07 17
156.7616 115 2.83 -6.72 8.5 32.5 23.22 7.366 12.07 17
156.5138 223 2.83 -6.72 8.5 32.5 23.22 7.366 12.07 17
174.8896 1 2.83 -6.72 8.5 32.5 23.22 7.366 12.07 17
109.1015 113 2.83 -6.72 8.5 32.5 23.22 7.366 12.07 17
114.5918 15 2.83 -6.72 8.5 32.5 23.22 7.366 12.07 17
129.4428 209 2.83 -6.72 8.5 32.5 23.22 7.366 12.07 17
133.9093 114 2.83 -6.72 8.5 32.5 23.22 7.366 12.07 17
163.7706 52 2.83 -6.72 8.5 32.5 23.22 7.366 12.07 17
130.5389 121 2.83 -6.72 8.5 32.5 23.22 7.366 12.07 17
157.6272 187 2.83 -6.72 8.5 32.5 23.22 7.366 12.07 17
124.576 192 2.83 -6.72 8.5 32.5 23.22 7.366 12.07 17
141.0024 73 2.83 -6.72 8.5 32.5 23.22 7.366 12.07 17
134.4248 216 2.83 -6.72 8.5 32.5 23.22 7.366 12.07 17
149.6819 74 2.83 -6.72 8.5 32.5 23.22 7.366 12.07 17
146.7367 55 2.83 -6.72 8.5 32.5 23.22 7.366 12.07 17
194.3161 112 2.83 -6.72 8.5 32.5 23.22 7.366 12.07 17
144.5553 17 2.83 -6.72 8.5 32.5 23.22 7.366 12.07 17
159.0505 122 2.83 -6.72 8.5 32.5 23.22 7.366 12.07 17
118.4421 119 2.83 -6.72 8.5 32.5 23.22 7.366 12.07 17
125.6862 120 2.83 -6.72 8.5 32.5 23.22 7.366 12.07 17
141.0416 210 2.83 -6.72 8.5 32.5 23.22 7.366 12.07 17
134.3056 107 2.83 -6.72 8.5 32.5 23.22 7.366 12.07 17
128.8889 205 2.83 -6.72 8.5 32.5 23.22 7.366 12.07 17
169.8444 53 2.83 -6.72 8.5 32.5 23.22 7.366 12.07 17
155.93 189 2.83 -6.72 8.5 32.5 23.22 7.366 12.07 17
148.9839 54 2.83 -6.72 8.5 32.5 23.22 7.366 12.07 17
157.5569 230 2.83 -6.72 8.5 32.5 23.22 7.366 12.07 17
175.6092 208 2.83 -6.72 8.5 32.5 23.22 7.366 12.07 17
112.9259 188 2.83 -6.72 8.5 32.5 23.22 7.366 12.07 17
172.8853 111 2.83 -6.72 8.5 32.5 23.22 7.366 12.07 17
161.7084 56 2.83 -6.72 8.5 32.5 23.22 7.366 12.07 17
109.7623 13 2.83 -6.72 8.5 32.5 23.22 7.366 12.07 17
130.1284 181 2.83 -6.72 8.5 32.5 23.22 7.366 12.07 17
138.3396 51 2.83 -6.72 8.5 32.5 23.22 7.366 12.07 17
76.71631 21 2.83 -6.72 8.5 32.5 23.22 7.366 12.07 17
165.8806 24 2.83 -6.72 8.5 32.5 23.22 7.366 12.07 17
130.9893 44 2.83 -6.72 8.5 32.5 23.22 7.366 12.07 17
200.7063 71 2.83 -6.72 8.5 32.5 23.22 7.366 12.07 17
101.5295 36 2.83 -6.72 8.5 32.5 23.22 7.366 12.07 17
107.3048 20 2.83 -6.72 8.5 32.5 23.22 7.366 12.07 17
108.3692 28 2.83 -6.72 8.5 32.5 23.22 7.366 12.07 17
142.3748 34 2.83 -6.72 8.5 32.5 23.22 7.366 12.07 17
79.385 25 2.83 -6.72 8.5 32.5 23.22 7.366 12.07 17
102.1801 42 2.83 -6.72 8.5 32.5 23.22 7.366 12.07 17
113.2555 32 2.83 -6.72 8.5 32.5 23.22 7.366 12.07 17
155.0158 26 2.83 -6.72 8.5 32.5 23.22 7.366 12.07 17
104.6345 19 2.83 -6.72 8.5 32.5 23.22 7.366 12.07 17
135.1333 40 2.83 -6.72 8.5 32.5 23.22 7.366 12.07 17
134.9234 48 2.83 -6.72 8.5 32.5 23.22 7.366 12.07 17
139.0417 50 2.83 -6.72 8.5 32.5 23.22 7.366 12.07 17
130.196 46 2.83 -6.72 8.5 32.5 23.22 7.366 12.07 17
86.70269 47 2.83 -6.72 8.5 32.5 23.22 7.366 12.07 17
157.2844 30 2.83 -6.72 8.5 32.5 23.22 7.366 12.07 17
140.0605 22 2.83 -6.72 8.5 32.5 23.22 7.366 12.07 17
77.27205 27 2.83 -6.72 8.5 32.5 23.22 7.366 12.07 17
144.2446 38 2.83 -6.72 8.5 32.5 23.22 7.366 12.07 17
87.29315 29 2.83 -6.72 8.5 32.5 23.22 7.366 12.07 17
130.6642 193 2.83 -6.72 8.5 32.5 23.22 7.366 12.07 17
106.2393 7 2.83 -6.72 8.5 32.5 23.22 7.366 12.07 17
108.6082 180 2.83 -6.72 8.5 32.5 23.22 7.366 12.07 17
101.5593 90 2.83 -6.72 8.5 32.5 23.22 7.366 12.07 17
97.26804 84 2.83 -6.72 8.5 32.5 23.22 7.366 12.07 17
90.72572 92 2.83 -6.72 8.5 32.5 23.22 7.366 12.07 17
201.0076 71 2.83 -6.72 8.5 32.5 23.22 7.366 12.07 17
144.4212 5 2.83 -6.72 8.5 32.5 23.22 7.366 12.07 17
170.824 106 2.83 -6.72 8.5 32.5 23.22 7.366 12.07 17
157.2942 101 2.83 -6.72 8.5 32.5 23.22 7.366 12.07 17
80.69901 256 2.83 -6.72 8.5 32.5 23.22 7.366 12.07 17
219.9434 71 2.83 -6.72 8.5 32.5 23.22 7.366 12.07 17
148.7936 0 2.83 -6.72 8.5 32.5 23.22 7.366 12.07 17
163.6498 220 2.83 -6.72 8.5 32.5 23.22 7.366 12.07 17
120.3744 98 2.83 -6.72 8.5 32.5 23.22 7.366 12.07 17
177.2795 190 2.83 -6.72 8.5 32.5 23.22 7.366 12.07 17
94.39596 109 2.83 -6.72 8.5 32.5 23.22 7.366 12.07 17
93.36022 116 2.83 -6.72 8.5 32.5 23.22 7.366 12.07 17
76.97914 217 2.83 -6.72 8.5 32.5 23.22 7.366 12.07 17
141.666 100 2.83 -6.72 8.5 32.5 23.22 7.366 12.07 17
125.7175 2 2.83 -6.72 8.5 32.5 23.22 7.366 12.07 17
141.9869 97 2.83 -6.72 8.5 32.5 23.22 7.366 12.07 17
113.0736 110 2.83 -6.72 8.5 32.5 23.22 7.366 12.07 17
161.4528 163 2.83 -6.72 8.5 32.5 23.22 7.366 12.07 17
101.4141 96 2.83 -6.72 8.5 32.5 23.22 7.366 12.07 17
149.0568 199 2.83 -6.72 8.5 32.5 23.22 7.366 12.07 17
148.4956 219 2.83 -6.72 8.5 32.5 23.22 7.366 12.07 17
156.4929 105 2.83 -6.72 8.5 32.5 23.22 7.366 12.07 17
112.2132 99 2.83 -6.72 8.5 32.5 23.22 7.366 12.07 17
200.028 68 2.83 -6.72 8.5 32.5 23.22 7.366 12.07 17
153.3763 164 2.83 -6.72 8.5 32.5 23.22 7.366 12.07 17
145.5822 16 2.83 -6.72 8.5 32.5 23.22 7.366 12.07 17
129.2748 70 2.83 -6.72 8.5 32.5 23.22 7.366 12.07 17
127.5864 161 2.83 -6.72 8.5 32.5 23.22 7.366 12.07 17
177.8869 157 2.83 -6.72 8.5 32.5 23.22 7.366 12.07 17
135.2065 162 2.83 -6.72 8.5 32.5 23.22 7.366 12.07 17
176.1337 160 2.83 -6.72 8.5 32.5 23.22 7.366 12.07 17
149.0564 214 2.83 -6.72 8.5 32.5 23.22 7.366 12.07 17
176.2398 69 2.83 -6.72 8.5 32.5 23.22 7.366 12.07 17
142.4966 158 2.83 -6.72 8.5 32.5 23.22 7.366 12.07 17
119.6998 159 2.83 -6.72 8.5 32.5 23.22 7.366 12.07 17
158.7076 224 2.83 -6.72 8.5 32.5 23.22 7.366 12.07 17
71.63869 251 2.83 -6.72 8.5 32.5 23.22 7.366 12.07 17
112.2026 79 2.83 -6.72 8.5 32.5 23.22 7.366 12.07 17
108.4087 104 2.83 -6.72 8.5 32.5 23.22 7.366 12.07 17
145.6601 171 2.83 -6.72 8.5 32.5 23.22 7.366 12.07 17
91.04273 195 2.83 -6.72 8.5 32.5 23.22 7.366 12.07 17
171.3929 76 2.83 -6.72 8.5 32.5 23.22 7.366 12.07 17
138.3418 155 2.83 -6.72 8.5 32.5 23.22 7.366 12.07 17
113.8411 233 2.83 -6.72 8.5 32.5 23.22 7.366 12.07 17
118.0852 77 2.83 -6.72 8.5 32.5 23.22 7.366 12.07 17
167.1745 71 2.83 -6.72 8.5 32.5 23.22 7.366 12.07 17
132.6665 75 2.83 -6.72 8.5 32.5 23.22 7.366 12.07 17
141.1413 231 2.83 -6.72 8.5 32.5 23.22 7.366 12.07 17
83.57259 245 2.83 -6.72 8.5 32.5 23.22 7.366 12.07 17
115.4572 238 2.83 -6.72 8.5 32.5 23.22 7.366 12.07 17
126.5687 240 2.83 -6.72 8.5 32.5 23.22 7.366 12.07 17
119.2732 215 2.83 -6.72 8.5 32.5 23.22 7.366 12.07 17
113.8101 247 2.83 -6.72 8.5 32.5 23.22 7.366 12.07 17
119.7712 228 2.83 -6.72 8.5 32.5 23.22 7.366 12.07 17
104.712 197 2.83 -6.72 8.5 32.5 23.22 7.366 12.07 17
101.1657 253 2.83 -6.72 8.5 32.5 23.22 7.366 12.07 17
62.08707 259 2.83 -6.72 8.5 32.5 23.22 7.366 12.07 17
105.0241 236 2.83 -6.72 8.5 32.5 23.22 7.366 12.07 17
64.71456 244 2.83 -6.72 8.5 32.5 23.22 7.366 12.07 17
143.748 225 2.83 -6.72 8.5 32.5 23.22 7.366 12.07 17
123.3334 218 2.83 -6.72 8.5 32.5 23.22 7.366 12.07 17
139.7415 78 2.83 -6.72 8.5 32.5 23.22 7.366 12.07 17
108.8023 80 2.83 -6.72 8.5 32.5 23.22 7.366 12.07 17
94.88726 255 2.83 -6.72 8.5 32.5 23.22 7.366 12.07 17
75.06801 254 2.83 -6.72 8.5 32.5 23.22 7.366 12.07 17
163.8024 287 2.83 -6.72 8.5 32.5 23.22 7.366 12.07 17
161.8011 290 2.83 -6.72 8.5 32.5 23.22 7.366 12.07 17
128.6268 283 2.83 -6.72 8.5 32.5 23.22 7.366 12.07 17
94.78399 263 2.83 -6.72 8.5 32.5 23.22 7.366 12.07 17
153.47 261 2.83 -6.72 8.5 32.5 23.22 7.366 12.07 17
60.31385 291 2.83 -6.72 8.5 32.5 23.22 7.366 12.07 17
134.0729 277 2.83 -6.72 8.5 32.5 23.22 7.366 12.07 17
197.2903 71 2.83 -6.72 8.5 32.5 23.22 7.366 12.07 17
131.8015 278 2.83 -6.72 8.5 32.5 23.22 7.366 12.07 17
174.8857 273 2.83 -6.72 8.5 32.5 23.22 7.366 12.07 17
123.6604 267 2.83 -6.72 8.5 32.5 23.22 7.366 12.07 17
113.9781 286 2.83 -6.72 8.5 32.5 23.22 7.366 12.07 17
143.4577 269 2.83 -6.72 8.5 32.5 23.22 7.366 12.07 17
106.7946 262 2.83 -6.72 8.5 32.5 23.22 7.366 12.07 17
183.2074 280 2.83 -6.72 8.5 32.5 23.22 7.366 12.07 17
155.9791 279 2.83 -6.72 8.5 32.5 23.22 7.366 12.07 17
140.3615 288 2.83 -6.72 8.5 32.5 23.22 7.366 12.07 17
158.1919 289 2.83 -6.72 8.5 32.5 23.22 7.366 12.07 17
90.7628 276 2.83 -6.72 8.5 32.5 23.22 7.366 12.07 17
73.50739 282 2.83 -6.72 8.5 32.5 23.22 7.366 12.07 17
159.2859 270 2.83 -6.72 8.5 32.5 23.22 7.366 12.07 17
120.0593 272 2.83 -6.72 8.5 32.5 23.22 7.366 12.07 17
161.5592 265 2.83 -6.72 8.5 32.5 23.22 7.366 12.07 17
91.60453 260 2.83 -6.72 8.5 32.5 23.22 7.366 12.07 17
114.5705 285 2.83 -6.72 8.5 32.5 23.22 7.366 12.07 17
119.1159 264 2.83 -6.72 8.5 32.5 23.22 7.366 12.07 17
143.7477 268 2.83 -6.72 8.5 32.5 23.22 7.366 12.07 17
82.28602 284 2.83 -6.72 8.5 32.5 23.22 7.366 12.07 17
101.5327 274 2.83 -6.72 8.5 32.5 23.22 7.366 12.07 17
134.244 275 2.83 -6.72 8.5 32.5 23.22 7.366 12.07 17
156.2479 266 2.83 -6.72 8.5 32.5 23.22 7.366 12.07 17
141.7594 281 2.83 -6.72 8.5 32.5 23.22 7.366 12.07 17
166.6854 177 2.83 -6.72 8.5 32.5 23.22 7.366 12.07 17
79.77321 117 2.83 -6.72 8.5 32.5 23.22 7.366 12.07 17
100.6004 156 2.83 -6.72 8.5 32.5 23.22 7.366 12.07 17
202.5303 154 2.83 -6.72 8.5 32.5 23.22 7.366 12.07 17
139.1216 57 2.83 -6.72 8.5 32.5 23.22 7.366 12.07 17
140.7656 235 2.83 -6.72 8.5 32.5 23.22 7.366 12.07 17
165.0539 222 2.83 -6.72 8.5 32.5 23.22 7.366 12.07 17
97.41112 250 2.83 -6.72 8.5 32.5 23.22 7.366 12.07 17
84.69161 186 2.83 -6.72 8.5 32.5 23.22 7.366 12.07 17
171.3906 179 2.83 -6.72 8.5 32.5 23.22 7.366 12.07 17
150.0929 103 2.83 -6.72 8.5 32.5 23.22 7.366 12.07 17
117.2398 239 2.83 -6.72 8.5 32.5 23.22 7.366 12.07 17
162.9326 172 2.83 -6.72 8.5 32.5 23.22 7.366 12.07 17
160.1703 3 2.83 -6.72 8.5 32.5 23.22 7.366 12.07 17
130.6971 237 2.83 -6.72 8.5 32.5 23.22 7.366 12.07 17
99.02619 248 2.83 -6.72 8.5 32.5 23.22 7.366 12.07 17
155.6661 62 2.83 -6.72 8.5 32.5 23.22 7.366 12.07 17
155.8569 60 2.83 -6.72 8.5 32.5 23.22 7.366 12.07 17
84.71151 213 2.83 -6.72 8.5 32.5 23.22 7.366 12.07 17
152.5363 194 2.83 -6.72 8.5 32.5 23.22 7.366 12.07 17
140.9006 85 2.83 -6.72 8.5 32.5 23.22 7.366 12.07 17
144.4587 201 2.83 -6.72 8.5 32.5 23.22 7.366 12.07 17
150.4357 243 2.83 -6.72 8.5 32.5 23.22 7.366 12.07 17
119.2469 183 2.83 -6.72 8.5 32.5 23.22 7.366 12.07 17
111.6413 65 2.83 -6.72 8.5 32.5 23.22 7.366 12.07 17
141.8264 241 2.83 -6.72 8.5 32.5 23.22 7.366 12.07 17
135.8964 81 2.83 -6.72 8.5 32.5 23.22 7.366 12.07 17
114.6721 170 2.83 -6.72 8.5 32.5 23.22 7.366 12.07 17
116.749 176 2.83 -6.72 8.5 32.5 23.22 7.366 12.07 17
163.6206 6 2.83 -6.72 8.5 32.5 23.22 7.366 12.07 17
144.148 87 2.83 -6.72 8.5 32.5 23.22 7.366 12.07 17
138.2284 242 2.83 -6.72 8.5 32.5 23.22 7.366 12.07 17
147.9853 83 2.83 -6.72 8.5 32.5 23.22 7.366 12.07 17
117.8547 168 2.83 -6.72 8.5 32.5 23.22 7.366 12.07 17
129.9927 204 2.83 -6.72 8.5 32.5 23.22 7.366 12.07 17
144.1741 226 2.83 -6.72 8.5 32.5 23.22 7.366 12.07 17
131.5076 181 2.83 -6.72 8.5 32.5 23.22 7.366 12.07 17
124.9337 234 2.83 -6.72 8.5 32.5 23.22 7.366 12.07 17
149.9348 174 2.83 -6.72 8.5 32.5 23.22 7.366 12.07 17
185.4702 2 2.83 -6.72 8.5 32.5 23.22 7.366 12.07 17
136.0065 110 2.83 -6.72 8.5 32.5 23.22 7.366 12.07 17
182.7879 97 2.83 -6.72 8.5 32.5 23.22 7.366 12.07 17
104.2414 116 2.83 -6.72 8.5 32.5 23.22 7.366 12.07 17
156.7953 99 2.83 -6.72 8.5 32.5 23.22 7.366 12.07 17
159.7323 0 2.83 -6.72 8.5 32.5 23.22 7.366 12.07 17
132.9378 96 2.83 -6.72 8.5 32.5 23.22 7.366 12.07 17
163.8514 105 2.83 -6.72 8.5 32.5 23.22 7.366 12.07 17
91.68343 109 2.83 -6.72 8.5 32.5 23.22 7.366 12.07 17
171.3153 106 2.83 -6.72 8.5 32.5 23.22 7.366 12.07 17
166.6198 163 2.83 -6.72 8.5 32.5 23.22 7.366 12.07 17
94.09945 258 2.83 -6.72 8.5 32.5 23.22 7.366 12.07 17
178.3193 219 2.83 -6.72 8.5 32.5 23.22 7.366 12.07 17
203.445 68 2.83 -6.72 8.5 32.5 23.22 7.366 12.07 17
123.463 98 2.83 -6.72 8.5 32.5 23.22 7.366 12.07 17
153.1695 164 2.83 -6.72 8.5 32.5 23.22 7.366 12.07 17
115.742 199 2.83 -6.72 8.5 32.5 23.22 7.366 12.07 17
163.9657 220 2.83 -6.72 8.5 32.5 23.22 7.366 12.07 17
154.4323 100 2.83 -6.72 8.5 32.5 23.22 7.366 12.07 17
90.56528 256 2.83 -6.72 8.5 32.5 23.22 7.366 12.07 17
174.5469 190 2.83 -6.72 8.5 32.5 23.22 7.366 12.07 17
159.5464 101 2.83 -6.72 8.5 32.5 23.22 7.366 12.07 17
103.5036 184 2.83 -6.72 8.5 32.5 23.22 7.366 12.07 17
127.4958 180 2.83 -6.72 8.5 32.5 23.22 7.366 12.07 17
116.9934 108 2.83 -6.72 8.5 32.5 23.22 7.366 12.07 17
97.74918 191 2.83 -6.72 8.5 32.5 23.22 7.366 12.07 17
123.4556 193 2.83 -6.72 8.5 32.5 23.22 7.366 12.07 17
70.90743 169 2.83 -6.72 8.5 32.5 23.22 7.366 12.07 17
114.65 88 2.83 -6.72 8.5 32.5 23.22 7.366 12.07 17
82.30373 182 2.83 -6.72 8.5 32.5 23.22 7.366 12.07 17
116.3879 178 2.83 -6.72 8.5 32.5 23.22 7.366 12.07 17
65.1082 206 2.83 -6.72 8.5 32.5 23.22 7.366 12.07 17
104.321 7 2.83 -6.72 8.5 32.5 23.22 7.366 12.07 17
103.6792 202 2.83 -6.72 8.5 32.5 23.22 7.366 12.07 17
138.3407 90 2.83 -6.72 8.5 32.5 23.22 7.366 12.07 17
108.4574 173 2.83 -6.72 8.5 32.5 23.22 7.366 12.07 17
94.4205 175 2.83 -6.72 8.5 32.5 23.22 7.366 12.07 17
84.47472 167 2.83 -6.72 8.5 32.5 23.22 7.366 12.07 17
87.18838 165 2.83 -6.72 8.5 32.5 23.22 7.366 12.07 17
107.5048 200 2.83 -6.72 8.5 32.5 23.22 7.366 12.07 17
98.89696 63 2.83 -6.72 8.5 32.5 23.22 7.366 12.07 17
118.977 92 2.83 -6.72 8.5 32.5 23.22 7.366 12.07 17
107.9617 212 2.83 -6.72 8.5 32.5 23.22 7.366 12.07 17
138.5616 86 2.83 -6.72 8.5 32.5 23.22 7.366 12.07 17
108.1644 94 2.83 -6.72 8.5 32.5 23.22 7.366 12.07 17
117.1743 9 2.83 -6.72 8.5 32.5 23.22 7.366 12.07 17
156.1856 5 2.83 -6.72 8.5 32.5 23.22 7.366 12.07 17
160.2183 84 2.83 -6.72 8.5 32.5 23.22 7.366 12.07 17
135.255 58 2.83 -6.72 8.5 32.5 23.22 7.366 12.07 17
195.2763 71 2.83 -6.72 8.5 32.5 23.22 7.366 12.07 17
105.4786 140 2.83 -6.72 8.5 32.5 23.22 7.366 12.07 17
125.68 144 2.83 -6.72 8.5 32.5 23.22 7.366 12.07 17
151.147 149 2.83 -6.72 8.5 32.5 23.22 7.366 12.07 17
140.0581 150 2.83 -6.72 8.5 32.5 23.22 7.366 12.07 17
76.41805 139 2.83 -6.72 8.5 32.5 23.22 7.366 12.07 17
94.15819 124 2.83 -6.72 8.5 32.5 23.22 7.366 12.07 17
139.2701 143 2.83 -6.72 8.5 32.5 23.22 7.366 12.07 17
114.8309 138 2.83 -6.72 8.5 32.5 23.22 7.366 12.07 17
131.6225 147 2.83 -6.72 8.5 32.5 23.22 7.366 12.07 17
113.4313 151 2.83 -6.72 8.5 32.5 23.22 7.366 12.07 17
148.7878 136 2.83 -6.72 8.5 32.5 23.22 7.366 12.07 17
63.77745 129 2.83 -6.72 8.5 32.5 23.22 7.366 12.07 17
79.79907 146 2.83 -6.72 8.5 32.5 23.22 7.366 12.07 17
85.36501 126 2.83 -6.72 8.5 32.5 23.22 7.366 12.07 17
138.0173 145 2.83 -6.72 8.5 32.5 23.22 7.366 12.07 17
118.6148 133 2.83 -6.72 8.5 32.5 23.22 7.366 12.07 17
101.3121 148 2.83 -6.72 8.5 32.5 23.22 7.366 12.07 17
139.8228 141 2.83 -6.72 8.5 32.5 23.22 7.366 12.07 17
94.1077 130 2.83 -6.72 8.5 32.5 23.22 7.366 12.07 17
156.8145 135 2.83 -6.72 8.5 32.5 23.22 7.366 12.07 17
119.7145 131 2.83 -6.72 8.5 32.5 23.22 7.366 12.07 17
83.06173 128 2.83 -6.72 8.5 32.5 23.22 7.366 12.07 17
130.0049 127 2.83 -6.72 8.5 32.5 23.22 7.366 12.07 17
126.5163 125 2.83 -6.72 8.5 32.5 23.22 7.366 12.07 17
98.24855 153 2.83 -6.72 8.5 32.5 23.22 7.366 12.07 17
69.42904 152 2.83 -6.72 8.5 32.5 23.22 7.366 12.07 17
161.8745 82 2.83 -6.72 8.5 32.5 23.22 7.366 12.07 17
86.61861 213 2.83 -6.72 8.5 32.5 23.22 7.366 12.07 17
153.7454 91 2.83 -6.72 8.5 32.5 23.22 7.366 12.07 17
139.8838 229 2.83 -6.72 8.5 32.5 23.22 7.366 12.07 17
98.80386 166 2.83 -6.72 8.5 32.5 23.22 7.366 12.07 17
147.3926 232 2.83 -6.72 8.5 32.5 23.22 7.366 12.07 17
142.0933 10 2.83 -6.72 8.5 32.5 23.22 7.366 12.07 17
57.92833 198 2.83 -6.72 8.5 32.5 23.22 7.366 12.07 17
127.884 176 2.83 -6.72 8.5 32.5 23.22 7.366 12.07 17
126.5262 234 2.83 -6.72 8.5 32.5 23.22 7.366 12.07 17
158.4502 221 2.83 -6.72 8.5 32.5 23.22 7.366 12.07 17
101.5677 183 2.83 -6.72 8.5 32.5 23.22 7.366 12.07 17
127.8981 95 2.83 -6.72 8.5 32.5 23.22 7.366 12.07 17
153.8003 18 2.83 -6.72 8.5 32.5 23.22 7.366 12.07 17
125.9353 87 2.83 -6.72 8.5 32.5 23.22 7.366 12.07 17
134.0553 83 2.83 -6.72 8.5 32.5 23.22 7.366 12.07 17
108.588 196 2.83 -6.72 8.5 32.5 23.22 7.366 12.07 17
153.9941 85 2.83 -6.72 8.5 32.5 23.22 7.366 12.07 17
126.5832 174 2.83 -6.72 8.5 32.5 23.22 7.366 12.07 17
79.7199 168 2.83 -6.72 8.5 32.5 23.22 7.366 12.07 17
125.6081 81 2.83 -6.72 8.5 32.5 23.22 7.366 12.07 17
142.4718 226 2.83 -6.72 8.5 32.5 23.22 7.366 12.07 17
76.97432 72 2.83 -6.72 8.5 32.5 23.22 7.366 12.07 17
138.1815 181 2.83 -6.72 8.5 32.5 23.22 7.366 12.07 17
151.5768 243 2.83 -6.72 8.5 32.5 23.22 7.366 12.07 17
147.2276 89 2.83 -6.72 8.5 32.5 23.22 7.366 12.07 17
124.9209 93 2.83 -6.72 8.5 32.5 23.22 7.366 12.07 17
108.473 170 2.83 -6.72 8.5 32.5 23.22 7.366 12.07 17
147.0513 204 2.83 -6.72 8.5 32.5 23.22 7.366 12.07 17
138.1824 241 2.83 -6.72 8.5 32.5 23.22 7.366 12.07 17
119.2583 8 2.83 -6.72 8.5 32.5 23.22 7.366 12.07 17
117.1005 242 2.83 -6.72 8.5 32.5 23.22 7.366 12.07 17
